1.017999999999999972e+01
1.046000000000000085e+01
1.075000000000000000e+01
1.103999999999999915e+01
1.134999999999999964e+01
1.166000000000000014e+01
1.198000000000000043e+01
1.231000000000000050e+01
1.265000000000000036e+01
1.299000000000000021e+01
1.334999999999999964e+01
1.372000000000000064e+01
1.409999999999999964e+01
1.449000000000000021e+01
1.488000000000000078e+01
1.528999999999999915e+01
1.571000000000000085e+01
1.614999999999999858e+01
1.658999999999999986e+01
1.705000000000000071e+01
1.751999999999999957e+01
1.800000000000000000e+01
1.848999999999999844e+01
1.900000000000000000e+01
1.953000000000000114e+01
2.005999999999999872e+01
2.062000000000000099e+01
2.117999999999999972e+01
2.176999999999999957e+01
2.235999999999999943e+01
2.298000000000000043e+01
2.360999999999999943e+01
2.426000000000000156e+01
2.492999999999999972e+01
2.562000000000000099e+01
2.632000000000000028e+01
2.705000000000000071e+01
2.778999999999999915e+01
2.855000000000000071e+01
2.933999999999999986e+01
3.014999999999999858e+01
3.098000000000000043e+01
3.182999999999999829e+01
3.271000000000000085e+01
3.360999999999999943e+01
3.453000000000000114e+01
3.547999999999999687e+01
3.646000000000000085e+01
3.746000000000000085e+01
3.849000000000000199e+01
3.954999999999999716e+01
4.064000000000000057e+01
4.175999999999999801e+01
4.290999999999999659e+01
4.409000000000000341e+01
4.529999999999999716e+01
4.654999999999999716e+01
4.782999999999999829e+01
4.914000000000000057e+01
5.050000000000000000e+01
5.189000000000000057e+01
5.331000000000000227e+01
5.478000000000000114e+01
5.628999999999999915e+01
5.784000000000000341e+01
5.942999999999999972e+01
6.106000000000000227e+01
6.275000000000000000e+01
6.446999999999999886e+01
6.625000000000000000e+01
6.806999999999999318e+01
6.993999999999999773e+01
7.187000000000000455e+01
7.384000000000000341e+01
7.587999999999999545e+01
7.795999999999999375e+01
8.010999999999999943e+01
8.231000000000000227e+01
8.457999999999999829e+01
8.690999999999999659e+01
8.929999999999999716e+01
9.176000000000000512e+01
9.428000000000000114e+01
9.687999999999999545e+01
9.954000000000000625e+01
1.022999999999999972e+02
1.050999999999999943e+02
1.080000000000000000e+02
1.110000000000000000e+02
1.140000000000000000e+02
1.172000000000000028e+02
1.204000000000000057e+02
1.237000000000000028e+02
1.270999999999999943e+02
1.305999999999999943e+02
1.341999999999999886e+02
1.379000000000000057e+02
1.416999999999999886e+02
1.455999999999999943e+02
1.495999999999999943e+02
1.536999999999999886e+02
1.579000000000000057e+02
1.623000000000000114e+02
1.666999999999999886e+02
1.713000000000000114e+02
1.760000000000000000e+02
1.809000000000000057e+02
1.859000000000000057e+02
1.910000000000000000e+02
1.961999999999999886e+02
2.015999999999999943e+02
2.071999999999999886e+02
2.129000000000000057e+02
2.186999999999999886e+02
2.248000000000000114e+02
2.309000000000000057e+02
2.373000000000000114e+02
2.438000000000000114e+02
2.505000000000000000e+02
2.573999999999999773e+02
2.645000000000000000e+02
2.718000000000000114e+02
2.793000000000000114e+02
2.870000000000000000e+02
2.948999999999999773e+02
3.030000000000000000e+02
3.113000000000000114e+02
3.198999999999999773e+02
3.286999999999999886e+02
3.376999999999999886e+02
3.470000000000000000e+02
3.566000000000000227e+02
3.663999999999999773e+02
3.765000000000000000e+02
3.868000000000000114e+02
3.975000000000000000e+02
4.083999999999999773e+02
4.196000000000000227e+02
4.311999999999999886e+02
4.431000000000000227e+02
4.551999999999999886e+02
4.678000000000000114e+02
4.806000000000000227e+02
4.938999999999999773e+02
5.075000000000000000e+02
5.213999999999999773e+02
5.357999999999999545e+02
5.505000000000000000e+02
5.657000000000000455e+02
5.812000000000000455e+02
5.972000000000000455e+02
6.137000000000000455e+02
6.306000000000000227e+02
6.478999999999999773e+02
6.657000000000000455e+02
6.841000000000000227e+02
7.028999999999999773e+02
7.222000000000000455e+02
7.421000000000000227e+02
7.625000000000000000e+02
7.835000000000000000e+02
8.051000000000000227e+02
8.272000000000000455e+02
8.500000000000000000e+02
8.733999999999999773e+02
8.973999999999999773e+02
9.221000000000000227e+02
9.475000000000000000e+02
9.736000000000000227e+02
1.000000000000000000e+03
1.028000000000000000e+03
1.056000000000000000e+03
1.085000000000000000e+03
1.115000000000000000e+03
1.146000000000000000e+03
1.177000000000000000e+03
1.210000000000000000e+03
1.243000000000000000e+03
1.277000000000000000e+03
1.312000000000000000e+03
1.348000000000000000e+03
1.386000000000000000e+03
1.424000000000000000e+03
1.463000000000000000e+03
1.503000000000000000e+03
1.545000000000000000e+03
1.587000000000000000e+03
1.631000000000000000e+03
1.676000000000000000e+03
1.722000000000000000e+03
1.769000000000000000e+03
1.818000000000000000e+03
1.868000000000000000e+03
1.919000000000000000e+03
1.972000000000000000e+03
2.026000000000000000e+03
2.082000000000000000e+03
2.139000000000000000e+03
2.198000000000000000e+03
2.259000000000000000e+03
2.321000000000000000e+03
2.385000000000000000e+03
2.450000000000000000e+03
2.518000000000000000e+03
2.587000000000000000e+03
2.658000000000000000e+03
2.731000000000000000e+03
2.807000000000000000e+03
2.884000000000000000e+03
2.963000000000000000e+03
3.045000000000000000e+03
3.128000000000000000e+03
3.215000000000000000e+03
3.303000000000000000e+03
3.394000000000000000e+03
3.487000000000000000e+03
3.583000000000000000e+03
3.682000000000000000e+03
3.783000000000000000e+03
3.887000000000000000e+03
3.994000000000000000e+03
4.104000000000000000e+03
4.217000000000000000e+03
4.333000000000000000e+03
4.452000000000000000e+03
4.575000000000000000e+03
4.701000000000000000e+03
4.830000000000000000e+03
4.963000000000000000e+03
5.100000000000000000e+03
5.240000000000000000e+03
5.384000000000000000e+03
5.532000000000000000e+03
5.685000000000000000e+03
5.841000000000000000e+03
6.002000000000000000e+03
6.167000000000000000e+03
6.337000000000000000e+03
6.511000000000000000e+03
6.690000000000000000e+03
6.874000000000000000e+03
7.064000000000000000e+03
7.258000000000000000e+03
7.458000000000000000e+03
7.663000000000000000e+03
7.874000000000000000e+03
8.091000000000000000e+03
8.313000000000000000e+03
8.542000000000000000e+03
8.777000000000000000e+03
9.019000000000000000e+03
9.267000000000000000e+03
9.522000000000000000e+03
9.784000000000000000e+03
1.005000000000000000e+04
1.033000000000000000e+04
1.061000000000000000e+04
1.091000000000000000e+04
1.121000000000000000e+04
1.151000000000000000e+04
1.183000000000000000e+04
1.216000000000000000e+04
1.249000000000000000e+04
1.284000000000000000e+04
1.319000000000000000e+04
1.355000000000000000e+04
1.392000000000000000e+04
1.431000000000000000e+04
1.470000000000000000e+04
1.511000000000000000e+04
1.552000000000000000e+04
1.595000000000000000e+04
1.639000000000000000e+04
1.684000000000000000e+04
1.730000000000000000e+04
1.778000000000000000e+04
1.827000000000000000e+04
1.877000000000000000e+04
1.929000000000000000e+04
1.982000000000000000e+04
2.036000000000000000e+04
2.092000000000000000e+04
2.150000000000000000e+04
2.209000000000000000e+04
2.270000000000000000e+04
2.332000000000000000e+04
2.396000000000000000e+04
2.462000000000000000e+04
2.530000000000000000e+04
2.600000000000000000e+04
2.671000000000000000e+04
2.745000000000000000e+04
2.820000000000000000e+04
2.898000000000000000e+04
2.978000000000000000e+04
3.060000000000000000e+04
3.144000000000000000e+04
3.230000000000000000e+04
3.319000000000000000e+04
3.411000000000000000e+04
3.505000000000000000e+04
3.601000000000000000e+04
3.700000000000000000e+04
3.802000000000000000e+04
3.907000000000000000e+04
4.014000000000000000e+04
4.125000000000000000e+04
4.238000000000000000e+04
4.355000000000000000e+04
4.475000000000000000e+04
4.598000000000000000e+04
4.724000000000000000e+04
4.854000000000000000e+04
4.988000000000000000e+04
5.125000000000000000e+04
5.266000000000000000e+04
5.411000000000000000e+04
5.560000000000000000e+04
5.713000000000000000e+04
5.870000000000000000e+04
6.032000000000000000e+04
6.198000000000000000e+04
6.368000000000000000e+04
6.543000000000000000e+04
6.723000000000000000e+04
6.909000000000000000e+04
7.099000000000000000e+04
7.294000000000000000e+04
7.495000000000000000e+04
7.701000000000000000e+04
7.913000000000000000e+04
8.131000000000000000e+04
8.354000000000000000e+04
8.584000000000000000e+04
8.821000000000000000e+04
9.063000000000000000e+04
9.313000000000000000e+04
9.569000000000000000e+04
9.832000000000000000e+04
1.010000000000000000e+05
1.038000000000000000e+05
1.067000000000000000e+05
1.096000000000000000e+05
1.126000000000000000e+05
1.157000000000000000e+05
1.189000000000000000e+05
1.222000000000000000e+05
1.255000000000000000e+05
1.290000000000000000e+05
1.325000000000000000e+05
1.362000000000000000e+05
1.399000000000000000e+05
1.438000000000000000e+05
1.477000000000000000e+05
1.518000000000000000e+05
1.560000000000000000e+05
1.603000000000000000e+05
1.647000000000000000e+05
1.692000000000000000e+05
1.739000000000000000e+05
1.787000000000000000e+05
1.836000000000000000e+05
1.886000000000000000e+05
1.938000000000000000e+05
1.992000000000000000e+05
2.046000000000000000e+05
2.103000000000000000e+05
2.161000000000000000e+05
2.220000000000000000e+05
2.281000000000000000e+05
2.344000000000000000e+05
2.408000000000000000e+05
2.475000000000000000e+05
2.543000000000000000e+05
2.613000000000000000e+05
2.685000000000000000e+05
2.758000000000000000e+05
2.834000000000000000e+05
2.912000000000000000e+05
2.993000000000000000e+05
3.075000000000000000e+05
3.160000000000000000e+05
3.246000000000000000e+05
3.336000000000000000e+05
3.428000000000000000e+05
3.522000000000000000e+05
3.619000000000000000e+05
3.718000000000000000e+05
3.821000000000000000e+05
3.926000000000000000e+05
4.034000000000000000e+05
4.145000000000000000e+05
4.259000000000000000e+05
4.376000000000000000e+05
4.497000000000000000e+05
4.620000000000000000e+05
4.748000000000000000e+05
4.878000000000000000e+05
5.012000000000000000e+05
5.150000000000000000e+05
5.292000000000000000e+05
5.438000000000000000e+05
5.587000000000000000e+05
5.741000000000000000e+05
5.899000000000000000e+05
6.061000000000000000e+05
6.228000000000000000e+05
6.400000000000000000e+05
6.576000000000000000e+05
6.757000000000000000e+05
6.943000000000000000e+05
7.134000000000000000e+05
7.330000000000000000e+05
7.532000000000000000e+05
7.739000000000000000e+05
7.952000000000000000e+05
8.171000000000000000e+05
8.396000000000000000e+05
8.627000000000000000e+05
8.864000000000000000e+05
9.108000000000000000e+05
9.359000000000000000e+05
9.616000000000000000e+05
9.881000000000000000e+05
1.015000000000000000e+06
1.043000000000000000e+06
1.072000000000000000e+06
1.101000000000000000e+06
1.132000000000000000e+06
1.163000000000000000e+06
1.195000000000000000e+06
1.228000000000000000e+06
1.262000000000000000e+06
1.296000000000000000e+06
1.332000000000000000e+06
1.369000000000000000e+06
1.406000000000000000e+06
1.445000000000000000e+06
1.485000000000000000e+06
1.526000000000000000e+06
1.568000000000000000e+06
1.611000000000000000e+06
1.655000000000000000e+06
1.701000000000000000e+06
1.747000000000000000e+06
1.795000000000000000e+06
1.845000000000000000e+06
1.896000000000000000e+06
1.948000000000000000e+06
2.001000000000000000e+06
2.056000000000000000e+06
2.113000000000000000e+06
2.171000000000000000e+06
2.231000000000000000e+06
2.292000000000000000e+06
2.355000000000000000e+06
2.420000000000000000e+06
2.487000000000000000e+06
2.555000000000000000e+06
2.626000000000000000e+06
2.698000000000000000e+06
2.772000000000000000e+06
2.848000000000000000e+06
2.927000000000000000e+06
3.007000000000000000e+06
3.090000000000000000e+06
3.175000000000000000e+06
3.263000000000000000e+06
3.352000000000000000e+06
3.445000000000000000e+06
3.539000000000000000e+06
3.637000000000000000e+06
3.737000000000000000e+06
3.840000000000000000e+06
3.945000000000000000e+06
4.054000000000000000e+06
4.165000000000000000e+06
4.280000000000000000e+06
4.398000000000000000e+06
4.519000000000000000e+06
4.643000000000000000e+06
4.771000000000000000e+06
4.902000000000000000e+06
5.037000000000000000e+06
5.176000000000000000e+06
5.318000000000000000e+06
5.465000000000000000e+06
5.615000000000000000e+06
5.770000000000000000e+06
5.928000000000000000e+06
6.092000000000000000e+06
6.259000000000000000e+06
6.431000000000000000e+06
6.608000000000000000e+06
6.790000000000000000e+06
6.977000000000000000e+06
7.169000000000000000e+06
7.366000000000000000e+06
7.569000000000000000e+06
7.777000000000000000e+06
7.991000000000000000e+06
8.211000000000000000e+06
8.437000000000000000e+06
8.669000000000000000e+06
8.908000000000000000e+06
9.153000000000000000e+06
9.405000000000000000e+06
9.664000000000000000e+06
9.930000000000000000e+06
1.020000000000000000e+07
1.048000000000000000e+07
1.077000000000000000e+07
1.107000000000000000e+07
1.137000000000000000e+07
1.169000000000000000e+07
1.201000000000000000e+07
1.234000000000000000e+07
1.268000000000000000e+07
1.303000000000000000e+07
1.339000000000000000e+07
1.375000000000000000e+07
1.413000000000000000e+07
1.452000000000000000e+07
1.492000000000000000e+07
1.533000000000000000e+07
1.575000000000000000e+07
1.619000000000000000e+07
1.663000000000000000e+07
1.709000000000000000e+07
1.756000000000000000e+07
1.804000000000000000e+07
1.854000000000000000e+07
1.905000000000000000e+07
1.957000000000000000e+07
2.011000000000000000e+07
2.067000000000000000e+07
2.124000000000000000e+07
2.182000000000000000e+07
2.242000000000000000e+07
2.304000000000000000e+07
2.367000000000000000e+07
2.432000000000000000e+07
2.499000000000000000e+07
2.568000000000000000e+07
2.639000000000000000e+07
2.711000000000000000e+07
2.786000000000000000e+07
2.863000000000000000e+07
2.941000000000000000e+07
3.022000000000000000e+07
3.105000000000000000e+07
3.191000000000000000e+07
3.279000000000000000e+07
3.369000000000000000e+07
3.462000000000000000e+07
3.557000000000000000e+07
3.655000000000000000e+07
3.755000000000000000e+07
3.859000000000000000e+07
3.965000000000000000e+07
4.074000000000000000e+07
4.186000000000000000e+07
4.301000000000000000e+07
4.420000000000000000e+07
4.541000000000000000e+07
4.666000000000000000e+07
4.795000000000000000e+07
4.927000000000000000e+07
5.062000000000000000e+07
5.202000000000000000e+07
5.345000000000000000e+07
5.492000000000000000e+07
5.643000000000000000e+07
5.798000000000000000e+07
5.958000000000000000e+07
6.122000000000000000e+07
6.290000000000000000e+07
6.463000000000000000e+07
6.641000000000000000e+07
6.824000000000000000e+07
7.012000000000000000e+07
7.205000000000000000e+07
7.403000000000000000e+07
7.607000000000000000e+07
7.816000000000000000e+07
8.031000000000000000e+07
8.252000000000000000e+07
8.479000000000000000e+07
8.712000000000000000e+07
8.952000000000000000e+07
9.199000000000000000e+07
9.452000000000000000e+07
9.712000000000000000e+07
9.979000000000000000e+07
