3.291500445365990316e-08
3.066017990481464184e-08
2.858880445032839415e-08
2.666898000154687310e-08
2.485027143248211674e-08
2.316380815733343165e-08
2.162157963598592508e-08
2.014330951970346023e-08
1.879524421898132904e-08
1.753968857397577981e-08
1.636216417096359536e-08
1.523675792293310269e-08
1.421379606638578231e-08
1.323736179159232701e-08
1.237180459461217442e-08
1.152422028802123383e-08
1.075447412758987030e-08
1.000551281346708165e-08
9.341216758071670941e-09
8.696098735641659756e-09
8.110993167004769681e-09
7.556511336329324995e-09
7.053121758670453703e-09
6.567348896588170864e-09
6.118431695629222372e-09
5.702959877664034303e-09
5.311873248811777366e-09
4.950481185823168224e-09
4.610795630008326828e-09
4.297332865547034733e-09
4.002950816453763441e-09
3.727495087692475505e-09
3.473161154150245943e-09
3.232197658713428901e-09
3.009886211167865811e-09
2.802930380251816934e-09
2.609206011614811382e-09
2.429390396016466653e-09
2.263276648744520809e-09
2.105452571088228552e-09
1.959818542835407295e-09
1.823710002351977749e-09
1.698030613832112717e-09
1.579554903412577561e-09
1.470210489004450438e-09
1.368563123890392258e-09
1.273705701709849755e-09
1.184881646807099437e-09
1.102931007100089013e-09
1.026368259177270805e-09
9.550863467493364594e-10
8.886782840341904177e-10
8.269354407177641538e-10
7.695309825798767081e-10
7.162169850311520814e-10
6.667157125993392501e-10
6.204258326274475345e-10
5.775208157770327863e-10
5.377601692403081690e-10
5.003934151443936596e-10
4.658287235615194112e-10
4.338518107428116581e-10
4.038756657234961374e-10
3.760009872787786088e-10
3.500958082542581774e-10
3.260326441322364131e-10
3.036893745251338807e-10
2.827131282132658202e-10
2.633809156704015209e-10
2.452607048961817258e-10
2.284812932365528067e-10
2.128627669277650346e-10
1.982619547311792448e-10
1.847606089409783365e-10
1.720947839783253793e-10
1.603949147334007501e-10
1.494368086634204053e-10
1.392770257107442569e-10
1.297779876007249510e-10
1.209439012994929104e-10
1.127320078095036820e-10
1.050716673127725556e-10
9.795893472463220998e-11
9.130714724909455265e-11
8.513824653169793129e-11
7.933711788185698345e-11
7.400217155564354110e-11
6.899175532916216300e-11
6.429476438272620930e-11
6.003390098262528597e-11
5.591271920471997984e-11
5.217741616973202902e-11
4.868173169959579442e-11
4.541412181359000493e-11
4.236282212672504260e-11
3.951604008345117402e-11
3.686208711709871713e-11
3.438950132986395689e-11
3.208713383268913312e-11
2.994421662710948089e-11
2.795041597812195378e-11
2.609586029378020967e-11
2.433298699299837210e-11
2.273275047537351801e-11
2.121328329641128231e-11
1.980395443029373254e-11
1.847062895561365297e-11
1.723636180419704668e-11
1.609337730951915641e-11
1.503450382453793238e-11
1.403550448955627638e-11
1.309512576796990683e-11
1.222623842865698661e-11
1.142286331191009174e-11
1.065556871982525873e-11
9.958616614559373867e-12
9.294182244595109760e-12
8.681250211097189036e-12
8.107135560096543113e-12
7.569972657069405219e-12
7.067872887474689307e-12
6.598940350867256010e-12
6.161304023564058391e-12
5.753125468315202036e-12
5.372621424264765073e-12
5.018065777729660305e-12
4.687804745069480698e-12
4.376806848088085516e-12
4.087642144252956472e-12
3.818794365086048739e-12
3.566250256185962995e-12
3.329376502039197408e-12
3.109634413910796189e-12
2.903790820037118032e-12
2.712946015272342460e-12
2.532729747230126053e-12
2.365867128075237244e-12
2.209962353422589990e-12
2.063189026067585288e-12
1.926365762970870521e-12
1.799870468317219095e-12
1.680118684618457331e-12
1.569532506104104314e-12
1.465076646146178187e-12
1.368008104534464630e-12
1.277804212943011033e-12
1.192850380895890896e-12
1.114016880898422542e-12
1.039917656502966145e-12
9.712264707129432888e-13
9.067580965814075064e-13
8.463362294959915334e-13
7.900933951107908262e-13
7.377530566759632894e-13
6.887907445571279062e-13
6.427912836320991810e-13
6.000773394628162713e-13
5.602138783564050992e-13
5.228533628269048285e-13
4.880437485592331794e-13
4.554753028001285593e-13
4.250333802939078939e-13
3.967256378965203386e-13
3.701833729432297688e-13
3.454299747331937709e-13
3.223573024561001350e-13
3.007778763521269704e-13
2.806141201604609908e-13
2.617889463864990443e-13
2.444760647286355894e-13
2.277943653772675628e-13
2.126432631999958690e-13
1.983781450171817019e-13
1.849731483537047898e-13
1.723983725395945591e-13
1.609716903035881145e-13
1.499231458646479607e-13
1.398921474904173271e-13
1.304983012410678864e-13
1.217111924839331779e-13
1.134999760740839600e-13
1.056365440318769058e-13
9.850274770979625525e-14
9.185164402907150776e-14
8.565417598759640447e-14
7.974821438255525045e-14
7.438700064433566423e-14
6.928681821831047052e-14
6.455389422259192822e-14
6.016209179041000241e-14
5.608690466197009753e-14
5.223038463900658003e-14
4.865987026041654927e-14
4.535340748058078066e-14
4.223459546446449483e-14
3.935101310152808182e-14
3.663764262763628775e-14
3.413183079552849080e-14
3.177843386178717942e-14
2.957233455401125498e-14
2.753899269704736004e-14
2.563517281961873078e-14
2.388089009465210267e-14
2.221645111952428268e-14
2.068525317360570890e-14
1.925613881967281754e-14
1.792360242702188359e-14
1.666644251726909907e-14
1.551225463927704007e-14
1.443846174001930068e-14
1.342828329832459902e-14
1.250142048222160766e-14
1.162102798819575973e-14
1.081429658577019059e-14
1.005824859982482866e-14
9.358099724769693242e-15
8.703217895232616770e-15
8.091576376115409377e-15
7.526383548551250626e-15
6.999161783020196965e-15
6.507889356616405425e-15
6.050554505575177077e-15
5.625164502076102889e-15
5.229776366470430630e-15
4.862499085879613628e-15
4.518856925600645784e-15
4.200264221593974878e-15
3.904987135358735383e-15
3.629409705162019404e-15
3.372544723097393427e-15
3.135001225746708554e-15
2.913857624968420335e-15
2.708166414566616621e-15
2.515803152234619107e-15
2.338366470441041498e-15
2.172682456507593641e-15
2.019075142105336193e-15
1.875914275635848480e-15
1.743365463530890723e-15
1.620007552404678108e-15
1.505307473510029953e-15
1.398205920940992770e-15
1.299316008651625799e-15
1.207114498121060709e-15
1.121650428400015662e-15
1.042101390434281397e-15
9.681299410471158480e-16
8.996961710627552903e-16
8.358603605754293337e-16
7.766308915533452171e-16
7.214869985680663537e-16
6.703958644756969729e-16
6.228971409572130391e-16
5.787737575055255263e-16
5.382484323853061383e-16
4.996820104699741386e-16
4.648106990472177683e-16
4.310529646138891524e-16
4.005743950090296633e-16
3.729811613790628567e-16
3.463485656959188511e-16
3.215478664818356280e-16
2.991260356556241869e-16
2.776306922961211281e-16
2.582054729585584205e-16
2.401252976287557842e-16
2.233111307381735032e-16
2.072951355463112472e-16
1.928203395311942950e-16
1.790639166140498460e-16
1.666251807318803115e-16
1.548248448152221861e-16
1.439112756459679451e-16
1.338182216825786793e-16
1.244837517925904063e-16
1.156756072411746041e-16
1.075478277160164332e-16
1.000456182941823083e-16
9.298939621055329995e-17
8.648626607101444496e-17
8.048982144789944976e-17
7.486202613073784159e-17
6.959127820361116450e-17
6.474225206895722503e-17
6.020702409576360398e-17
5.603598396631171499e-17
5.213861313172503150e-17
4.850187149392922848e-17
4.511234673867740683e-17
4.195650733229602503e-17
3.905966567007045722e-17
3.632726061366848478e-17
3.382099025470101270e-17
3.146172475979695234e-17
2.927250886511316289e-17
2.724179366073194887e-17
2.535860613425107306e-17
2.361255530396738673e-17
2.197635172495133943e-17
2.044573659042797649e-17
1.903041437940476873e-17
1.772144717911141598e-17
1.649880926481656357e-17
1.535814946189356983e-17
1.429507187608210066e-17
1.331390431711281099e-17
1.239204717177074755e-17
1.154204983847104084e-17
1.074481973079324224e-17
1.000429768678838994e-17
9.316697861610636858e-18
8.678410751883054634e-18
8.081649878292227328e-18
7.524411510729344519e-18
7.008238160817237427e-18
6.526813044163262681e-18
6.078193742472164725e-18
5.660460501537379805e-18
5.271739672918250541e-18
4.910212101974495948e-18
4.572140882317559651e-18
4.258206057423240217e-18
3.966756615460921508e-18
3.694749050200605870e-18
3.441122807890430607e-18
3.203610773474478113e-18
2.983726438009659475e-18
2.779126498339180738e-18
2.587937126943145153e-18
2.410303107435357908e-18
2.244567811535446905e-18
2.090073843529335195e-18
1.946783061504807866e-18
1.812779307302733102e-18
1.687616538180951411e-18
1.571751478421164047e-18
1.463231917287144861e-18
1.362493832750287186e-18
1.268657841032227001e-18
1.181925304477652362e-18
1.099758559567390347e-18
1.022684085987924902e-18
9.528148504139863440e-19
8.872285699688924928e-19
8.257707582714816117e-19
7.682717512893570465e-19
7.145519270949260096e-19
6.658297838249906812e-19
6.189740323262322391e-19
5.764998832300437269e-19
5.358009448648082962e-19
4.989153960879599157e-19
4.636769450239700180e-19
4.317379096335671006e-19
4.012994722967185373e-19
3.730620742213068965e-19
3.468738732572836784e-19
3.225911749418275127e-19
3.000787223174087841e-19
2.787777333686574274e-19
2.590813380849504854e-19
2.408661798832860785e-19
2.240181021873181446e-19
2.081405119268773574e-19
1.932175584401945247e-19
1.797013900840678025e-19
1.667800302262245831e-19
1.548832496504997180e-19
1.439232157671314886e-19
1.336598084452124158e-19
1.240654720911198396e-19
1.152416458863457107e-19
1.068826515925655916e-19
9.920893338116418881e-20
9.206074183826773108e-20
8.540925179300178264e-20
7.930537698539372608e-20
7.355440641834704277e-20
6.821682365422108065e-20
6.320730536435592205e-20
5.862360675786301998e-20
5.432836576115096595e-20
5.039382607033154912e-20
4.666124044166641535e-20
4.320537192620749293e-20
4.000617760462101927e-20
3.701558576730823608e-20
3.425095789334766718e-20
3.164709482009856476e-20
2.924533887448852694e-20
2.700999763888691806e-20
2.493194247800500666e-20
2.300215545709067546e-20
2.121180264571747559e-20
1.953916218026983810e-20
1.800348924155615871e-20
1.656087952827229672e-20
1.523899013495191602e-20
1.400973122575815113e-20
1.286857198706566332e-20
1.181089710768203117e-20
1.083208591478662607e-20
9.933270253314624560e-21
9.097938920881725283e-21
8.328063123783085131e-21
7.619407524284294127e-21
6.964179164756533157e-21
6.359646899146773690e-21
5.806007045429047642e-21
5.296882108378569890e-21
4.829619191355365816e-21
4.401617884423758511e-21
4.010337600281804448e-21
3.651652518420029948e-21
3.325248603089753681e-21
3.027497138443552673e-21
2.756652165806039512e-21
2.510996170780322565e-21
2.288847042667239058e-21
2.088577209107193907e-21
1.907924037797987123e-21
1.745651833153139517e-21
1.601060870569439940e-21
1.471836903582571891e-21
1.357844967737207816e-21
1.251566587210120616e-21
1.152668128073198225e-21
1.063737335752576014e-21
9.783240656616046986e-22
9.016471067047262830e-22
8.305163461643723974e-22
7.646362769260056280e-22
7.037062837693789642e-22
6.489515935539366168e-22
5.968686821432849241e-22
5.488671633874498154e-22
5.057684497798147230e-22
4.649834396516433342e-22
4.274832828065868872e-22
3.930227678148125022e-22
3.613702799439852538e-22
3.323082602763682835e-22
3.056329062363142172e-22
2.806394657622213477e-22
2.582327061908109583e-22
2.372616233075467131e-22
2.177031329230084267e-22
1.998507046315628567e-22
1.835508759871576369e-22
1.686638269530576920e-22
1.548241357358875139e-22
1.419904232875699640e-22
1.303069129839077226e-22
1.194932372904363832e-22
1.096566067694965453e-22
1.005654635335143889e-22
9.217744610767546037e-23
8.444973726837779399e-23
7.743726859716660382e-23
7.089298682946849394e-23
6.496315375445383203e-23
5.951425702737254266e-23
5.451160259163255162e-23
4.986645436211116547e-23
4.566438936518769657e-23
4.176922743714504402e-23
3.820694493238028338e-23
3.491689807512629537e-23
3.194892784083439541e-23
2.918329303065611386e-23
2.669113900155524797e-23
2.437495358305714467e-23
2.226940463871155084e-23
2.033721768564086272e-23
1.858215197907912310e-23
1.695930445611492901e-23
1.548768313080729518e-23
1.413022532517206901e-23
1.289084478724564208e-23
1.175999731100201691e-23
1.072873582611840372e-23
9.781734722662843641e-24
8.919746190332825384e-24
8.129802225202242571e-24
7.406868741008877852e-24
6.750417333300273142e-24
6.146552378100275250e-24
5.599131425893073630e-24
5.096644546449804873e-24
4.641673149181737681e-24
4.222327366044307666e-24
3.843249678441276609e-24
3.496578639881957592e-24
3.179948620449647040e-24
2.891079008820140829e-24
2.627797272454182705e-24
2.388040842684669004e-24
2.169870996317088655e-24
1.970543606480758979e-24
1.789499112304457285e-24
1.624399699642384713e-24
1.474007259650495727e-24
1.337142235741082221e-24
1.212693369179823939e-24
1.099168543680892019e-24
9.961425793636704233e-25
9.023400944233095374e-25
8.170273842339978908e-25
7.395087548380494461e-25
6.698745135755478577e-25
6.060101490068789504e-25
5.475919754200325467e-25
4.942810041288606961e-25
4.472067174015951331e-25
4.029069066098786104e-25
3.638610822760565199e-25
3.283267720115261576e-25
2.960410608225602181e-25
2.667495211362430499e-25
2.402097096690397419e-25
2.168011017384657970e-25
1.950144234981408267e-25
1.753384870149769587e-25
1.575837703892123968e-25
1.415744660361847770e-25
1.271485613184825441e-25
1.138740803827392288e-25
1.022141696812231943e-25
9.150461285931353256e-26
8.190333251738784825e-26
7.329732997685252708e-26
6.543758367831771250e-26
5.841565379667851682e-26
5.214220673489181913e-26
4.643844189295366811e-26
4.127006538587620790e-26
3.667658055059055402e-26
3.259303556136170859e-26
2.890450218351840864e-26
2.558207842384898178e-26
2.264077559718328299e-26
1.999802056105875227e-26
1.762932594316401138e-26
1.551120501793489330e-26
1.362135976558409029e-26
1.196022069611225976e-26
1.046233353153497986e-26
9.134154707662874492e-27
7.972576472446841793e-27
6.932446656444681350e-27
6.015499686985689251e-27
5.199967772078502574e-27
4.486318890044988683e-27
3.863178569419938540e-27
3.314569434509349384e-27
2.838097951186808029e-27
2.421080307675469400e-27
2.060818219352186249e-27
1.744561735823578606e-27
1.473311628265140934e-27
1.239133149237685635e-27
1.037748839904134151e-27
8.652649982340050397e-28
7.169964629505025693e-28
5.922106130867808207e-28
4.858938487326207008e-28
3.959008993400436959e-28
3.207385716993023549e-28
2.582713043456486771e-28
2.059515879024421793e-28
1.630777414268430886e-28
1.279380082359787981e-28
9.937399575300437044e-29
7.635911703265629301e-29
5.788763643716069647e-29
4.332098404788783029e-29
3.196014891289011738e-29
2.316530808360676744e-29
1.646134629026810711e-29
1.144059927737962521e-29
7.751830186076078015e-30
5.102181938158545816e-30
3.245820417590211107e-30
1.979135575853146438e-30
1.149407278137759514e-30
6.272419564361413016e-31
3.163415596682654682e-31
1.439862290434193203e-31
5.710829215985272240e-32
1.837518213460977096e-32
4.395018586051072295e-33
5.684604532042900320e-34
4.120784591000822920e-35
0.000000000000000000e+00
