3.441958862772950724e-08
3.207378259918717268e-08
2.991629354073881120e-08
2.791640790545291286e-08
2.601971043543515787e-08
2.426090551690983751e-08
2.265077168017814573e-08
2.110756658301029285e-08
1.969881835197617823e-08
1.838699962943604366e-08
1.715547905997677601e-08
1.597875721691904211e-08
1.490813178253005718e-08
1.388651196379064398e-08
1.298006793001432750e-08
1.209276730425589365e-08
1.128624011947367761e-08
1.050179196546651327e-08
9.805423941816364148e-09
9.129447967899435631e-09
8.515840151379609336e-09
7.934615401132905976e-09
7.406506765358749327e-09
6.897133101169182469e-09
6.426020175299744775e-09
5.990235649224440467e-09
5.579693678957442697e-09
5.200533785807487342e-09
4.843858591905275696e-09
4.514908735259119625e-09
4.205732912737328882e-09
3.916607267089961876e-09
3.649438036774103682e-09
3.396468881792210804e-09
3.162896891228414813e-09
2.945593980333212656e-09
2.742024699119107094e-09
2.553189647100225969e-09
2.378608120722079271e-09
2.212843281389981183e-09
2.059765735976369188e-09
1.916789841682267886e-09
1.784670535741138532e-09
1.660200883632456650e-09
1.545240720255021472e-09
1.438437870198244247e-09
1.338698254335716191e-09
1.245357602921334112e-09
1.159180450172606394e-09
1.078715291461083321e-09
1.003750224896305716e-09
9.339493640831699973e-10
8.690106118191727319e-10
8.086667543977764074e-10
7.525886045024990174e-10
7.005472404266429417e-10
6.518539163179840362e-10
6.067428537870035477e-10
5.649150812081915341e-10
5.256234848309602703e-10
4.892599956651800838e-10
4.556333360634459625e-10
4.240960348120430904e-10
3.947813026190918471e-10
3.675264025473763792e-10
3.422188812212358676e-10
3.187114085084244590e-10
2.966497827322102952e-10
2.763106644691045384e-10
2.572527734513895473e-10
2.396002277708950434e-10
2.231738686424572491e-10
2.078144464832865787e-10
1.936155622452865390e-10
1.802931052656736439e-10
1.679899022836374287e-10
1.564653733369226203e-10
1.457831025069617109e-10
1.357949332534988834e-10
1.265082132420677439e-10
1.178754851596391202e-10
1.098245237163712347e-10
1.023494113063022181e-10
9.536045386799761104e-11
8.887946280949934965e-11
8.278642307876623403e-11
7.718382228152635394e-11
7.192347684861653175e-11
6.699313737494026723e-11
6.252191462311076184e-11
5.819829737474484085e-11
5.428078600716869645e-11
5.061561537110003902e-11
4.719078750516143867e-11
4.399372917155664070e-11
4.101211951577796738e-11
3.823351002087168973e-11
3.564589480884646041e-11
3.323741843787146494e-11
3.099679097770075378e-11
2.891302809393517330e-11
2.697577967064803579e-11
2.513521845598101739e-11
2.346538814270865754e-11
2.188068376926282813e-11
2.041172544900207092e-11
1.902278874589508880e-11
1.773787036423951522e-11
1.654871201461559320e-11
1.544780481341124892e-11
1.440982364436570951e-11
1.343344946354684833e-11
1.253193257236528048e-11
1.169900295881439159e-11
1.090406787515635894e-11
1.018256065377652596e-11
9.495251593295308619e-12
8.861712365717684077e-12
8.268784220686494886e-12
7.714454628961332769e-12
7.196761688335386469e-12
6.713646742124475099e-12
6.263191056394979252e-12
5.843382962416933963e-12
5.452418348592668270e-12
5.088391657642706223e-12
4.749654198396072218e-12
4.430908260600394219e-12
4.134857526995122275e-12
3.859799877852550215e-12
3.601711768263970825e-12
3.359799348460210065e-12
3.135645600794794712e-12
2.925799343488280274e-12
2.731479428142281898e-12
2.548086103922219521e-12
2.378495046691924171e-12
2.220122354376170131e-12
2.071218337155985341e-12
1.932473754050763527e-12
1.804371960116291290e-12
1.683148484884572929e-12
1.571354560717937893e-12
1.465794855003039498e-12
1.367835265575205534e-12
1.276829824221705058e-12
1.191239990140790134e-12
1.111835290136586849e-12
1.037303389390714927e-12
9.682238628069145988e-13
9.034817148613789927e-13
8.428116040045210281e-13
7.864165468299606833e-13
7.339390220584268380e-13
6.849164473828624837e-13
6.388624214712486705e-13
5.961564955287432103e-13
5.563004954127208230e-13
5.189975103493272648e-13
4.842402573523053181e-13
4.517640545184456728e-13
4.214062439188525554e-13
3.932135452544586938e-13
3.667763667849666725e-13
3.421524717137889148e-13
3.191973392286316547e-13
2.977547030053053470e-13
2.777153541803085795e-13
2.590292522044009704e-13
2.418405892854284509e-13
2.252984929845817671e-13
2.102705778784568617e-13
1.961382107835697230e-13
1.828541757144572463e-13
1.704073998634835097e-13
1.590932156528703876e-13
1.481661013241293929e-13
1.382415869924848924e-13
1.289581734658257546e-13
1.202704928514930923e-13
1.121614915545319206e-13
1.043921602562307309e-13
9.735173611904338903e-14
9.078396928819310702e-14
8.467112857221056260e-14
7.884219865267608929e-14
7.355689278396338738e-14
6.852543296628347389e-14
6.386151230225697623e-14
5.953045726680019192e-14
5.551612654946697431e-14
5.171405472102906924e-14
4.819780386037825571e-14
4.493866188519191337e-14
4.186779885386654755e-14
3.902580953789704738e-14
3.635438002879695525e-14
3.388475121997793991e-14
3.156768627133350929e-14
2.939326441334610093e-14
2.739104807493375658e-14
2.551418086776439957e-14
2.378631352103264725e-14
2.214491582501197973e-14
2.063617984142084027e-14
1.922620309385866671e-14
1.791251435298480951e-14
1.667146141608728331e-14
1.553281489628318635e-14
1.447198270972157789e-14
1.347455725493866990e-14
1.255805224066829870e-14
1.168788505554060321e-14
1.088931234173161340e-14
1.014114965986467681e-14
9.447214942585196416e-15
8.798262321977039932e-15
8.191178261569942292e-15
7.630211245100411308e-15
7.106061980629588096e-15
6.617587703691842152e-15
6.162083786990945538e-15
5.738268315845248254e-15
5.343659029657435494e-15
4.976930668616673311e-15
4.633194702781270916e-15
4.314303204743509104e-15
4.018218414000961634e-15
3.741653733553739183e-15
3.483399263203181437e-15
3.244323174722653911e-15
3.021344684575717324e-15
2.813692902654965850e-15
2.619136754311528734e-15
2.439422635321109407e-15
2.271300851427590825e-15
2.115183023250285642e-15
1.969411907044997099e-15
1.834204528194870178e-15
1.708139020886280063e-15
1.590690269146901529e-15
1.480818392653768282e-15
1.379152372875466141e-15
1.284187431123562101e-15
1.195957981809149324e-15
1.113683897408666545e-15
1.036989032107779828e-15
9.659059354175617212e-16
8.994250658898051289e-16
8.376290325570455315e-16
7.799368574614687618e-16
7.263879592218045223e-16
6.764608964828720228e-16
6.299985274391638856e-16
5.871977833340489890e-16
5.463935467274151117e-16
5.093850321664478043e-16
4.734947829298219628e-16
4.409874331836305699e-16
4.115078453960426858e-16
3.829630092595000303e-16
3.563353594399461643e-16
3.321826792343232401e-16
3.089892834334706450e-16
2.879596564207524060e-16
2.683549238751603883e-16
2.500620499266667412e-16
2.326097428951999314e-16
2.167836008312782884e-16
2.017198506655888207e-16
1.880530708356353608e-16
1.750688329010294379e-16
1.630198469139226557e-16
1.518610544543643118e-16
1.415064933317493462e-16
1.317226536306284723e-16
1.226645753292082415e-16
1.142930728178601060e-16
1.063934953413182855e-16
9.910429151115220747e-17
9.236147758562951140e-17
8.602614118962417979e-17
8.007407930785467930e-17
7.459241671894610974e-17
6.944980879185291363e-17
6.471554025079312695e-17
6.027880272096539648e-17
5.613502451547299840e-17
5.226188113898519283e-17
4.865274488156135849e-17
4.533072376620374592e-17
4.219495658931564645e-17
3.931117908150119550e-17
3.659478162338304805e-17
3.406791338465696691e-17
3.172266154992207115e-17
2.954270639297433490e-17
2.752056858088367943e-17
2.562151084974793560e-17
2.384432459144069463e-17
2.219767969583552413e-17
2.067435726298463934e-17
1.924886835591778512e-17
1.791872245734364292e-17
1.667697264526890236e-17
1.553081131627351285e-17
1.445233310561204992e-17
1.345794370385224070e-17
1.252407848474111894e-17
1.165674023780128121e-17
1.085050548414658650e-17
1.010225273417025189e-17
9.402056415694645259e-18
8.748431349145044050e-18
8.142560388792329280e-18
7.577698576347549318e-18
7.051078555136248024e-18
6.560948900653086515e-18
6.104739499177223786e-18
5.680681356783861810e-18
5.284115347001221308e-18
4.916095196474203684e-18
4.574486261513911761e-18
4.255889415277652593e-18
3.958927766989379645e-18
3.681047925562780268e-18
3.423934590394156386e-18
3.184891936865769588e-18
2.961683176630149063e-18
2.754483877110656896e-18
2.561341937582108786e-18
2.381469507383046532e-18
2.214822567300711083e-18
2.059130225596577834e-18
1.913891788904823399e-18
1.779581548808658779e-18
1.653961694000653880e-18
1.537475450516516606e-18
1.429136083640484243e-18
1.329109595969916416e-18
1.234505212982622479e-18
1.145869175515056714e-18
1.065661166748797621e-18
9.904597224553207115e-19
9.201231693582978316e-19
8.543999953177531277e-19
7.931172191138841081e-19
7.376069934930488331e-19
6.843319982194673354e-19
6.361031810349410196e-19
5.899881887466020950e-19
5.482514198233865683e-19
5.084660827412098229e-19
4.724565847703704550e-19
4.382168309900860895e-19
4.064993229099409730e-19
3.771527691007475095e-19
3.499816739829570298e-19
3.248521430949448131e-19
3.011108410631217328e-19
2.792128089442476799e-19
2.589927534372839724e-19
2.403379091787551346e-19
2.227850012012688886e-19
2.063310064072118057e-19
1.914518513256734974e-19
1.772658462436242562e-19
1.642260916454942028e-19
1.522463217133871375e-19
1.410462326297588979e-19
1.306060663032257318e-19
1.210201978170265288e-19
1.119658110833980875e-19
1.036677409572422319e-19
9.596105877628135404e-20
8.880201730624726353e-20
8.225243927441953916e-20
7.609194835789442573e-20
7.039219971852070804e-20
6.505206225393389474e-20
6.018151618710912020e-20
5.562539656213732340e-20
5.146568716830517042e-20
4.752679314225828480e-20
4.389246935769110709e-20
4.053443713564920884e-20
3.740635250362396420e-20
3.452017976890364468e-20
3.181154161545899734e-20
2.931808771650920246e-20
2.700582484408998881e-20
2.486057424659669214e-20
2.287573577285891266e-20
2.103806604982264764e-20
1.932765287670464274e-20
1.776056149271487573e-20
1.629402180446548273e-20
1.495304478926080232e-20
1.371080946618195776e-20
1.256006413814642257e-20
1.149763339056010105e-20
1.051654970652412960e-20
9.619151295730648123e-21
8.786942573014598071e-21
8.022937432435121908e-21
7.321212855750092610e-21
6.674917974347707694e-21
6.079927364452092739e-21
5.537134412579751083e-21
5.039057924583236340e-21
4.583680417123732399e-21
4.167449622606129840e-21
3.788353920913802959e-21
3.441556699873849346e-21
3.127120354912935081e-21
2.840857445370082202e-21
2.581377301514076584e-21
2.346476161010128000e-21
2.134764017234669616e-21
1.944240643584400401e-21
1.772921148731124602e-21
1.619281834872765552e-21
1.482784671755384241e-21
1.360968587676193882e-21
1.253812917637176186e-21
1.154103906569698018e-21
1.061623865872920527e-21
9.786325358717889017e-22
8.991707109346326900e-22
8.279809776509597875e-22
7.621306654047380288e-22
7.012603864672624064e-22
6.451136090534157862e-22
5.947513289108800455e-22
5.469609090866462496e-22
5.029952027532515830e-22
4.636035444454429123e-22
4.263885123221453169e-22
3.922334116042079612e-22
3.608950285549525506e-22
3.321532281372386733e-22
3.057994176702191678e-22
2.816372572288331423e-22
2.590246758809746521e-22
2.387677859178758682e-22
2.198261163773763879e-22
2.021668673195567820e-22
1.860584376866787046e-22
1.713500559287490989e-22
1.579210556734558077e-22
1.454305297339908569e-22
1.338477569839804521e-22
1.232928154772626212e-22
1.135197653015898266e-22
1.046167399676443305e-22
9.638168150818160917e-23
8.876854091599035233e-23
8.174553280670603607e-23
7.535657021012137907e-23
6.938335231531523479e-23
6.395436859246197335e-23
5.895398812425613839e-23
5.434648264299580478e-23
5.005560793234225174e-23
4.615760145429906127e-23
4.253142147646084034e-23
3.919904878629201209e-23
3.610849237780225882e-23
3.330556563842992545e-23
3.068131533092316809e-23
2.830249395341309196e-23
2.607972962713407803e-23
2.404583517022729149e-23
2.216811820477531381e-23
2.045034834304745201e-23
1.885136884947410510e-23
1.739014442256664607e-23
1.603238930022654195e-23
1.478234960559684032e-23
1.363265819308402749e-23
1.257483902611425380e-23
1.159508208402414371e-23
1.069477771436746694e-23
9.862103339322196038e-24
9.092356068268631861e-24
8.386516265647117302e-24
7.730304038605243730e-24
7.129218797768477943e-24
6.571310594216486136e-24
6.060611320516255970e-24
5.584412244777792035e-24
5.148973850100975947e-24
4.745943963130149856e-24
4.373410931036335004e-24
4.029268675603410484e-24
3.711681267598218582e-24
3.418720869892207271e-24
3.148684328161690556e-24
2.898679870380267410e-24
2.668569994513873809e-24
2.455859062206995333e-24
2.259432712047822910e-24
2.078174025650536446e-24
1.911039030787094258e-24
1.756399788087145186e-24
1.614042924774074361e-24
1.482550610007446710e-24
1.361208037491072301e-24
1.249327385952133005e-24
1.147345226224599493e-24
1.052443612461783640e-24
9.643417272768056806e-25
8.827364372603628007e-25
8.095980150480140639e-25
7.397380156232899195e-25
6.772256745433831572e-25
6.194848801234135840e-25
5.662281305548095474e-25
5.171832159777710241e-25
4.720690741507203380e-25
4.316858308171141625e-25
3.935361137627290293e-25
3.585647390854657787e-25
3.265297232769554891e-25
2.972134496337254253e-25
2.703999080378191319e-25
2.453590916123270591e-25
2.230340667798694860e-25
2.022283866260865342e-25
1.832979838911144314e-25
1.660836558534055657e-25
1.501305803859124507e-25
1.356719284061781702e-25
1.225670696721856043e-25
1.104831161118683603e-25
9.937478932947547850e-26
8.936241122524237168e-26
8.033555388479245491e-26
7.206955167614170326e-26
6.451972043828686586e-26
5.774496487861867338e-26
5.157451440293632223e-26
4.596995138589312355e-26
4.089043672218323276e-26
3.629853633849683002e-26
3.220895783298063534e-26
2.847383151827324035e-26
2.511871041296566483e-26
2.214745925606270288e-26
1.945326070497861762e-26
1.704876781840839547e-26
1.488367693761365582e-26
1.296627226586598211e-26
1.127208101847277494e-26
9.763125537604891102e-27
8.437374151416118342e-27
7.263858005169577959e-27
6.238645854423669835e-27
5.328680251311840084e-27
4.539644478245424038e-27
3.851100148528604212e-27
3.252697933104054257e-27
2.734794019853812735e-27
2.285012781535678229e-27
1.902599970424701519e-27
1.573552665407688792e-27
1.292257697449455705e-27
1.055053661044701566e-27
8.560192298872801276e-28
6.877687628774145854e-28
5.486044694772169637e-28
4.335233001618092612e-28
3.391318123012447780e-28
2.624216394037211045e-28
2.003159981012006358e-28
1.509307482852841011e-28
1.120890190731679007e-28
8.177904417332478804e-29
5.848685330933813274e-29
4.090720927406828794e-29
2.789036296304578552e-29
1.846987438778292288e-29
1.182069509329880738e-29
7.250289853846602148e-30
4.235458264093481811e-30
2.324387241584038841e-30
1.179141753397353350e-30
5.395531558686901301e-31
2.153299699755462926e-31
6.961642507142634818e-32
1.679136349827253243e-32
2.183203298052260175e-33
1.592522068072831203e-34
0.000000000000000000e+00
