4.749058573813927328e-08
4.425394907962374472e-08
4.127714362684753553e-08
3.851779222215053805e-08
3.590081516314458961e-08
3.347409598636174716e-08
3.125250641856598628e-08
2.912326208705353944e-08
2.717953523508648688e-08
2.536954731833670273e-08
2.367035114766923479e-08
2.204676377182670774e-08
2.056956340388505030e-08
1.915997875956017949e-08
1.790930843434314685e-08
1.668505131439786437e-08
1.557224172119481379e-08
1.448989577226649282e-08
1.352907878836410513e-08
1.259639782888391798e-08
1.174976962146395253e-08
1.094782209869541974e-08
1.021916177920284539e-08
9.516351122934391530e-09
8.866330896361332786e-09
8.265055191913762865e-09
7.698608019957670295e-09
7.175460413260388550e-09
6.683336173779093226e-09
6.229466095912522152e-09
5.802879332588982505e-09
5.403956893038115711e-09
5.035328918539719717e-09
4.686293563303264396e-09
4.364021534899026791e-09
4.064196844004788393e-09
3.783321191837310258e-09
3.522775160178934941e-09
3.281895496089134134e-09
3.053180696507603142e-09
2.841971249071258819e-09
2.644699601234337164e-09
2.462407381117395164e-09
2.290669806063940973e-09
2.132052991830774217e-09
1.984691268175171089e-09
1.847075074389739724e-09
1.718287881236673205e-09
1.599384558319413177e-09
1.488362385449979628e-09
1.384928990020270001e-09
1.288620931231572514e-09
1.199021389079096154e-09
1.115761674222070753e-09
1.038387588946328843e-09
9.665832774740217273e-10
8.993984395473340903e-10
8.371562435107393251e-10
7.794441818886798386e-10
7.252314210470824473e-10
6.750587295996861203e-10
6.286621913326126929e-10
5.851484548603916971e-10
5.447013182703174431e-10
5.070962445246815047e-10
4.721780755611338127e-10
4.397435319519941288e-10
4.093039023044751167e-10
3.812409103216480845e-10
3.549456975242541382e-10
3.305895164204347065e-10
3.079251718522352162e-10
2.867329384752586674e-10
2.671419626334553812e-10
2.487602413329497665e-10
2.317848404241369646e-10
2.158838185974350511e-10
2.011449062816852855e-10
1.873636838089542562e-10
1.745502891545610106e-10
1.626392428725513483e-10
1.515308917870320539e-10
1.412170710539563972e-10
1.315740248794703316e-10
1.226318476541514961e-10
1.142249480578805747e-10
1.064947338361006931e-10
9.923674802761914187e-11
9.243408945940719358e-11
8.626489930008583503e-11
8.029936851314904771e-11
7.489416418330629892e-11
6.983712813852045153e-11
6.511170613639075891e-11
6.070055019423136721e-11
5.658666055635971498e-11
5.275286132424614302e-11
4.918258733250540878e-11
4.585948098073680668e-11
4.276796493575013483e-11
3.989288351163058386e-11
3.721995608831808913e-11
3.468043328585734225e-11
3.237647722995267304e-11
3.018997408110030836e-11
2.816317208155827183e-11
2.624678027638108782e-11
2.447390822870750797e-11
2.283316152572274148e-11
2.131417975072240920e-11
1.988202045805096343e-11
1.853486369077549442e-11
1.729099161321826514e-11
1.614175314747129368e-11
1.504493780911764137e-11
1.404943490150820011e-11
1.310111706370909263e-11
1.222698840019826412e-11
1.140889306464058633e-11
1.064405426055903574e-11
9.929765044359075716e-12
9.263184975010953439e-12
8.641666670543637526e-12
8.062434521773347554e-12
7.522999297424340269e-12
7.020731796074755306e-12
6.553357228497509735e-12
6.113566054602593590e-12
5.705088693086619860e-12
5.325576636425585775e-12
4.969478380023523816e-12
4.635698606009731831e-12
4.326421441568157131e-12
4.036885102763283852e-12
3.768771305699118767e-12
3.515733523002941664e-12
3.281739481675890592e-12
3.063224030943805093e-12
2.857773028230440366e-12
2.666339551470274632e-12
2.489590512024947499e-12
2.322331864449795289e-12
2.168083683332331157e-12
2.022437193800860510e-12
1.887276999676764127e-12
1.761711823347092214e-12
1.643618856063394197e-12
1.534059855973462117e-12
1.431224123074936642e-12
1.335911328507279590e-12
1.246583052067574362e-12
1.162873187532215104e-12
1.085061847980119134e-12
1.012655741781625197e-12
9.450166188707073942e-13
8.814733647720816742e-13
8.225496670069881510e-13
7.675581675105543332e-13
7.160892022767742199e-13
6.681327225718582239e-13
6.233235323223246873e-13
5.814372035025582657e-13
5.425381978348301084e-13
5.060613792313556388e-13
4.720864467377521667e-13
4.404139970984660671e-13
4.108284211338766907e-13
3.831790374122104984e-13
3.573968022554682794e-13
3.336806655257049832e-13
3.108566320614869246e-13
2.901217970658723373e-13
2.706225985582558966e-13
2.522938900655027406e-13
2.351203938303427311e-13
2.195095961208563308e-13
2.044328598613923006e-13
1.907394655598507648e-13
1.779306330430314016e-13
1.659437657523472175e-13
1.547553339117130941e-13
1.440355633142014381e-13
1.343215057251867314e-13
1.252595992287993400e-13
1.168253791320466299e-13
1.087828862626738969e-13
1.014904611780761266e-13
9.454828135007469593e-14
8.811321535999519552e-14
8.213742225210618863e-14
7.659863097907014149e-14
7.135270488437162643e-14
6.650114158474485971e-14
6.200432545253049848e-14
5.776728805918558191e-14
5.384604022741484007e-14
5.016012307374192947e-14
4.675264136455873302e-14
4.355566034324039582e-14
4.055549178240984415e-14
3.779292457935296638e-14
3.520330841673068745e-14
3.281927549694188319e-14
3.055454947547938009e-14
2.847286406198124884e-14
2.652744215868346511e-14
2.471487407553570604e-14
2.300252557704670937e-14
2.143147280360868507e-14
1.996778471440547770e-14
1.859158235504291031e-14
1.732703034570901022e-14
1.612641316928728024e-14
1.502457879399985877e-14
1.399229789216905686e-14
1.303483827392473341e-14
1.213944291047890973e-14
1.130181588556456118e-14
1.052781906416002813e-14
9.804621705436218037e-15
9.130647074864999774e-15
8.502163450493196094e-15
7.917402104642036265e-15
7.372938126834052494e-15
6.866942983749094358e-15
6.392671703713029728e-15
5.952679692404532824e-15
5.544155340396747925e-15
5.162563950360831383e-15
4.806236156932180365e-15
4.476369824108660379e-15
4.168714226634359536e-15
3.882205725337514541e-15
3.613765984708472786e-15
3.365804602352128363e-15
3.133837797670108842e-15
2.918433506105355188e-15
2.717305137978542017e-15
2.530752135060373067e-15
2.356812671453962594e-15
2.194762215980976330e-15
2.043165988982385169e-15
1.902891830532765998e-15
1.771863515314818137e-15
1.650128526770552472e-15
1.536610480360773158e-15
1.430790387167894147e-15
1.332713157529544556e-15
1.240985871988701806e-15
1.155722510738005128e-15
1.076121466767680654e-15
1.002237128098244516e-15
9.333500336212725576e-16
8.692433662077685143e-16
8.101888426466480277e-16
7.538890094904287803e-16
7.028263412869211475e-16
6.533066048086593022e-16
6.084544394635562887e-16
5.677798426084471315e-16
5.283949736436960480e-16
4.916553513188076379e-16
4.583305797035233811e-16
4.263293851583994041e-16
3.973136605519726540e-16
3.702639406410335545e-16
3.450242636639494304e-16
3.209443627572147524e-16
2.991081704447586711e-16
2.783238918608674028e-16
2.594670895237278762e-16
2.415520275063655457e-16
2.249273836656949934e-16
2.095309884395217710e-16
1.952442350999354091e-16
1.817449372669561110e-16
1.692470120636936891e-16
1.576963929650104417e-16
1.467969146039416613e-16
1.367396020891595907e-16
1.274361735586857290e-16
1.186949640239473869e-16
1.104825792632767501e-16
1.029192300907530923e-16
9.582369314751005738e-17
8.929156435049509035e-17
8.316995533486092717e-17
7.745255829458220702e-17
7.210857090453432931e-17
6.712884855143952271e-17
6.254527463633126561e-17
5.821868544958864494e-17
5.423978016789503275e-17
5.049181827971289321e-17
4.700536020381548583e-17
4.376948819675470189e-17
4.076168504123032725e-17
3.797163103636002366e-17
3.535139717040411330e-17
3.289931587766101969e-17
3.062734950516780628e-17
2.852553776460984510e-17
2.655871219050781070e-17
2.472343649607085063e-17
2.301012564906029667e-17
2.142870341337076020e-17
1.994066723039360016e-17
1.856865295424585051e-17
1.728014717792347686e-17
1.608343229455461463e-17
1.497102524301132593e-17
1.393861913988620744e-17
1.297251913134475763e-17
1.207067603941352248e-17
1.123472192530961956e-17
1.045535039878670314e-17
9.728743191773603972e-18
9.052483770819617027e-18
8.423026013452352761e-18
7.837929143612978483e-18
7.290764708834807842e-18
6.782986598438253502e-18
6.311649529517750745e-18
5.872063538125509499e-18
5.462328854496345057e-18
5.078922423471460916e-18
4.724168722225910151e-18
4.394348171468066934e-18
4.086374550691104956e-18
3.800490101042813083e-18
3.534001400837354514e-18
3.285821409182084159e-18
3.055889390098574738e-18
2.841072068462219685e-18
2.640678609493030670e-18
2.455363418918936126e-18
2.282038864441760808e-18
2.121316488659661557e-18
1.971834837996361003e-18
1.833822367155705706e-18
1.703284449236529075e-18
1.580974013808549545e-18
1.470286643515477728e-18
1.366502053049383439e-18
1.269425611753190540e-18
1.178711102394406999e-18
1.094120597270624906e-18
1.017493945129073767e-18
9.439489287774154520e-19
8.773667264467512528e-19
8.136997127875638909e-19
7.560747984428060813e-19
7.011419029933971735e-19
6.514206136626072041e-19
6.041413790393797432e-19
5.603437222259408027e-19
5.198190713927678899e-19
4.822978939133142224e-19
4.475955391110704170e-19
4.148101338329009462e-19
3.845702350814637230e-19
3.566478660180502660e-19
3.308874012276762578e-19
3.066493378701689136e-19
2.839295775846304890e-19
2.633854348701374255e-19
2.437995277076208682e-19
2.257975945102241125e-19
2.092604487549834791e-19
1.938012351997028759e-19
1.793926232734675999e-19
1.661648973630501775e-19
1.536724947263532797e-19
1.422256592857163518e-19
1.315966904293953611e-19
1.217252501286359132e-19
1.126963658116345839e-19
1.042062001048427238e-19
9.635335222651103766e-20
8.899845525006259277e-20
8.229275042230094617e-20
7.602249194299855186e-20
7.029864150351468970e-20
6.487790377274617627e-20
5.987571454387536071e-20
5.525345315547910920e-20
5.094745846853792992e-20
4.697444324100556269e-20
4.324586790436087967e-20
3.981376120554114787e-20
3.663136713189070810e-20
3.367933496795199487e-20
3.094858091942333459e-20
2.842101101002356284e-20
2.606920977934426325e-20
2.391535730260806646e-20
2.190061002323146795e-20
2.005939699437141399e-20
1.835479277861998972e-20
1.677689764623082494e-20
1.532125902670516400e-20
1.397835181637543662e-20
1.275124276296117218e-20
1.161463488120794712e-20
1.057251881334468145e-20
9.616782998965162766e-21
8.737953097716456022e-21
7.930388252061561781e-21
7.195141642932778524e-21
6.522010008886570901e-21
5.908107853045293684e-21
5.348566725786322368e-21
4.840511530908933848e-21
4.377370163420011085e-21
3.959056776107142924e-21
3.579886744903933558e-21
3.237850046351666784e-21
2.929916509397715495e-21
2.654084712319466520e-21
2.407600287617060998e-21
2.187717075087570016e-21
1.992329477209518875e-21
1.820562121311884041e-21
1.669141439366572993e-21
1.537535630026994450e-21
1.415269216896641179e-21
1.301871986475164491e-21
1.200113748856133345e-21
1.102686992075185136e-21
1.015405816006641590e-21
9.346738690310368043e-22
8.600499351406497457e-22
7.912189934785950909e-22
7.294811292352657549e-22
6.708976202247219137e-22
6.170039067376479044e-22
5.687181318909491227e-22
5.231012266581423032e-22
4.812356663813817635e-22
4.428230680651778591e-22
4.075933864834311542e-22
3.752907572122743343e-22
3.456743636438024258e-22
3.179570697781366687e-22
2.931268581390594706e-22
2.699082929826048270e-22
2.482610675905127152e-22
2.285141611478312795e-22
2.104827223873145312e-22
1.940188561229461675e-22
1.787045946148589587e-22
1.645022864570327957e-22
1.515591781132656500e-22
1.395737574328894795e-22
1.286541458298820005e-22
1.185526158127418456e-22
1.092127111857410724e-22
1.005955264863658036e-22
9.275502442438330268e-23
8.542341459136138669e-23
7.875847711910668065e-23
7.261840503023109241e-23
6.695941297727934893e-23
6.168795939216834252e-23
5.689780650706208355e-23
5.244034880023895141e-23
4.834270523512038035e-23
4.454157941928923313e-23
4.109369315581322062e-23
3.786510314623587074e-23
3.493799227525320862e-23
3.220246321849072545e-23
2.969894614046822566e-23
2.738726749500827779e-23
2.527211918018539460e-23
2.330287927295760359e-23
2.150294634341218738e-23
1.983013886054832294e-23
1.828972423136548154e-23
1.687267152676088954e-23
1.556857149484575903e-23
1.436043886596909784e-23
1.325002021516490438e-23
1.222277089330956884e-23
1.127291686202575883e-23
1.040170212483050158e-23
9.591527659342908046e-24
8.849212507194458413e-24
8.160024207928994899e-24
7.528970528907463132e-24
6.940369779843638795e-24
6.401983705725309941e-24
5.903507886194122584e-24
5.442598468520617460e-24
5.016668190104145171e-24
4.623464179100982280e-24
4.260617218853745936e-24
3.926035913751515905e-24
3.616153032694624947e-24
3.330814056316238764e-24
3.066939352110802476e-24
2.823160668441109807e-24
2.598105320904188811e-24
2.390490417788301004e-24
2.198305933781274420e-24
2.021298634591364165e-24
1.857717183914215205e-24
1.706683091026440440e-24
1.567350732240345838e-24
1.440279063969497025e-24
1.321975823491338525e-24
1.212096946814792264e-24
1.110270096303826323e-24
1.018961714971379905e-24
9.317000271544769707e-25
8.535730579876211600e-25
7.813686717894673714e-25
7.147323027964966969e-25
6.533284060722881878e-25
5.968099264599806528e-25
5.461854517475467067e-25
4.983287599345356138e-25
4.544282336230961334e-25
4.141844693536945871e-25
3.773284339861092759e-25
3.435926142283620390e-25
3.120617250507469308e-25
2.839270636278083300e-25
2.576847174891527650e-25
2.337864282747708883e-25
2.120347763854098473e-25
1.918577823189803990e-25
1.735530823361990929e-25
1.569457409222943667e-25
1.416164630023995755e-25
1.275098067373683634e-25
1.147810244581265012e-25
1.032923773434721751e-25
9.276014521363284429e-26
8.312916922516761877e-26
7.447663005303553698e-26
6.658633633873273821e-26
5.941078657966204013e-26
5.289923965133166252e-26
4.700522551001560785e-26
4.174918501208506442e-26
3.694243291923969841e-26
3.261899054070718416e-26
2.878515368081565197e-26
2.530421237468022549e-26
2.219347123497020849e-26
1.938884632567053849e-26
1.690290020748721645e-26
1.470470660400337849e-26
1.274536198993913279e-26
1.102256891340126390e-26
9.496404090127140882e-27
8.162045950750322435e-27
6.976725907974300321e-27
5.948081646577449328e-27
5.049698542130399041e-27
4.268270940248695301e-27
3.591385983135438337e-27
3.003027119316285922e-27
2.502356459903123985e-27
2.071175936139945762e-27
1.702241538587988097e-27
1.390855937932638391e-27
1.129341889259298870e-27
9.080751399283789223e-28
7.248927789722587689e-28
5.732729750143426617e-28
4.487981289633845772e-28
3.475472969610534788e-28
2.654980806747401758e-28
2.001943866565076937e-28
1.487859780777333922e-28
1.086333853045099983e-28
7.774969124795036433e-29
5.441960636782926475e-29
3.712958033652161189e-29
2.460563440382021740e-29
1.575839676621720688e-29
9.672016750928543246e-30
5.653881253854582980e-30
3.104786941038609492e-30
1.576005904003067787e-30
7.215809236766040726e-31
2.881401515040266048e-31
9.320710272945761039e-32
2.249311224851804358e-32
2.925973427430575197e-33
2.135307150180911417e-34
0.000000000000000000e+00
