3.533971512675267965e-08
3.292339308824817321e-08
3.070333051261678886e-08
2.864546465645992271e-08
2.669567592358927255e-08
2.488747958641876021e-08
2.323365076534641238e-08
2.164826787895481202e-08
2.020226685275375478e-08
1.885539254343881760e-08
1.759199138999308017e-08
1.638442243969463602e-08
1.528656582047611531e-08
1.423857427828429301e-08
1.330940225113601208e-08
1.239947064185926828e-08
1.157293562666404772e-08
1.076867055300778460e-08
1.005517462975953061e-08
9.362237502209870241e-09
8.733628279825425135e-09
8.137885804752628882e-09
7.596921365757392671e-09
7.074859029237016596e-09
6.592300155070903483e-09
6.145666691080783306e-09
5.725154822959507672e-09
5.336547646909860665e-09
4.971200889770917284e-09
4.634035681345944911e-09
4.317324123933214331e-09
4.020952973053704789e-09
3.747247325068875437e-09
3.487909690467864799e-09
3.248594236553100456e-09
3.025789098015934379e-09
2.817183963089795294e-09
2.623536619193523365e-09
2.444607449963605617e-09
2.274588543146709832e-09
2.117668959731480327e-09
1.970994724383654792e-09
1.835531632961608091e-09
1.707815393991438596e-09
1.589918944235259717e-09
1.480305029365218927e-09
1.377992954172810026e-09
1.282172626777807321e-09
1.193749643949029714e-09
1.111125537861120888e-09
1.034185125808618080e-09
9.624920205647097473e-10
8.958220803420167206e-10
8.338245438400336694e-10
7.762330663788612997e-10
7.227493451942772110e-10
6.727250154033597730e-10
6.263489112096085613e-10
5.833624898414228254e-10
5.429555358701339491e-10
5.055705265148679727e-10
4.709769228201104725e-10
4.385406825138684665e-10
4.083716552635755574e-10
3.803279372202240796e-10
3.542723998598430317e-10
3.300736451147858708e-10
3.073501969507311657e-10
2.864028499991820653e-10
2.667641656560345772e-10
2.485743422644263644e-10
2.316389629952021877e-10
2.158033098042387691e-10
2.011565776192058108e-10
1.874129112030479046e-10
1.747142990728996764e-10
1.628178491701924680e-10
1.517853565896016820e-10
1.414678037529664159e-10
1.318701018317880920e-10
1.229461386799315610e-10
1.146194600939281155e-10
1.068860728897528704e-10
9.965202182258966633e-11
9.294142480623307688e-11
8.662928577390062639e-11
8.082291469552428491e-11
7.536836335192820413e-11
7.025370920748226090e-11
6.561278578087555108e-11
6.112285975022995882e-11
5.705229754130203688e-11
5.324189967580933218e-11
4.967921022104582670e-11
4.635152547580978671e-11
4.324610180193156155e-11
4.035030056060224104e-11
3.765172077789198122e-11
3.513829437213597378e-11
3.279835955611105259e-11
3.062072021011808186e-11
2.859467598485135313e-11
2.666832725163345770e-11
2.491928005942896965e-11
2.325812316916492465e-11
2.171701441816301125e-11
2.025867698896146067e-11
1.890837413217722009e-11
1.765765275230790253e-11
1.649871370506239886e-11
1.540506750725076564e-11
1.437537108195065872e-11
1.342375176684627940e-11
1.254369790260567866e-11
1.170299362905246048e-11
1.093920580773370271e-11
1.021090844969841883e-11
9.538930907564704170e-12
8.909388560995122837e-12
8.320253431740825848e-12
7.769470973017161002e-12
7.254977175339126114e-12
6.774733925802662054e-12
6.326737430468978419e-12
5.909043114362512070e-12
5.519767791746344146e-12
5.157106460615716898e-12
4.815542930702417514e-12
4.497908142732554220e-12
4.202545079442495946e-12
3.925051812034805375e-12
3.664738421624575099e-12
3.423217008972653391e-12
3.196939678117178158e-12
2.987121173516270394e-12
2.788961203633616365e-12
2.605460306159593422e-12
2.433987914144460724e-12
2.272538495663711495e-12
2.122015529873604504e-12
1.982838010594947033e-12
1.851064692910678729e-12
1.729363184105527876e-12
1.614395341345658595e-12
1.507546570096678928e-12
1.408243557124308398e-12
1.314710486784635019e-12
1.227907015192143170e-12
1.146308374750044094e-12
1.070657800597780716e-12
9.996511914636537725e-13
9.330953405170478497e-13
8.711372069049439433e-13
8.134730943334354013e-13
7.595260168323089973e-13
7.088392153357713191e-13
6.617689130340753367e-13
6.178363569623816736e-13
5.766590859336327044e-13
5.382904570032443602e-13
5.023895434996599088e-13
4.688303820200640038e-13
4.376218162390916825e-13
4.083577130974803527e-13
3.810641766821299174e-13
3.556222678236001235e-13
3.318255242755265553e-13
3.095886340209890796e-13
2.888268045364891676e-13
2.697318374626271310e-13
2.513320859063570265e-13
2.346197503473175801e-13
2.188839680678667915e-13
2.040963260811037629e-13
1.902239512750572164e-13
1.776176431672517960e-13
1.654280541764631028e-13
1.543607081598222696e-13
1.439960048722129883e-13
1.343004517518922014e-13
1.252400759001526670e-13
1.165632249622909885e-13
1.086913008551077099e-13
1.013518604263687782e-13
9.451287809490754503e-14
8.799547146254611027e-14
8.207913002324102342e-14
7.645078537997182742e-14
7.122768571542558803e-14
6.638100567609063160e-14
6.188371667348253563e-14
5.762773725502334477e-14
5.368739146501793379e-14
5.003845902917833703e-14
4.659663255035806116e-14
4.341442317200615389e-14
4.042008335894346641e-14
3.765482885462264519e-14
3.505780745607207032e-14
3.262337263806565878e-14
3.037961819974090488e-14
2.827883228729646090e-14
2.634309813020631906e-14
2.450654546626985211e-14
2.281705629670459423e-14
2.124024766061898680e-14
1.977004122822897676e-14
1.838304174436540273e-14
1.710969044236949329e-14
1.592507381477305965e-14
1.481067551952445287e-14
1.378822450213904350e-14
1.281707131659048912e-14
1.192720563658377079e-14
1.109327705526401519e-14
1.032103435172941859e-14
9.598746521932638084e-15
8.924174556038642653e-15
8.300852962077920601e-15
7.719428375962850869e-15
7.177667851861961933e-15
6.673349642592770756e-15
6.204273189260230258e-15
5.768293055853154590e-15
5.363321331057744447e-15
4.984420508755832002e-15
4.633147759981658558e-15
4.307589224965449856e-15
4.003756193236306692e-15
3.720558580308035307e-15
3.458666294889768649e-15
3.214856926352264676e-15
2.988084673634591601e-15
2.776006367948432106e-15
2.580383619901704847e-15
2.397716525405897408e-15
2.228361755789528542e-15
2.070521512151681319e-15
1.924378075926877125e-15
1.788364371527460855e-15
1.661892539595399955e-15
1.543794541161978660e-15
1.434746543850192360e-15
1.333069046739520298e-15
1.238816360571435996e-15
1.151081819353782924e-15
1.069493585903562558e-15
9.940080689551558082e-16
9.235891445264923965e-16
8.582464969082229091e-16
7.974060793642384485e-16
7.410321828417578499e-16
6.886173724193696546e-16
6.399226128536535186e-16
5.951942765737741863e-16
5.526236265914556152e-16
5.141276383920457512e-16
4.768568503225995369e-16
4.432026060752791005e-16
4.127308231205161176e-16
3.833163988200277665e-16
3.559218130810309068e-16
3.311517858720707828e-16
3.074022206452275475e-16
2.859370476436339763e-16
2.659555245274774491e-16
2.473706385730087492e-16
2.296655207106481673e-16
2.136618842458498480e-16
1.984503212887752662e-16
1.846938354219526995e-16
1.716414708530339224e-16
1.595681531000562031e-16
1.484008588582320600e-16
1.380713161041988354e-16
1.283226978918043248e-16
1.193256739133903728e-16
1.110198106693587206e-16
1.032064579886114730e-16
9.600437522961149608e-17
8.936235557448058978e-17
8.312764921636370670e-17
7.728751668140447234e-17
7.191375586525152882e-17
6.688689535077965305e-17
6.226290990496317180e-17
5.794156806447903456e-17
5.390850472110483523e-17
5.014893653219744841e-17
4.664794292394398058e-17
4.343370080101411197e-17
4.040136839641643924e-17
3.761949045604155038e-17
3.500030841616025415e-17
3.256946499407596511e-17
3.031420280414112001e-17
2.822239739753232925e-17
2.628256511497917248e-17
2.446443682531936761e-17
2.276332205875691294e-17
2.119005160008564960e-17
1.973473775662039642e-17
1.837515601000742221e-17
1.710650230849843484e-17
1.592392041630133302e-17
1.483225900794220924e-17
1.380640308029475193e-17
1.286034560527082480e-17
1.197286278911778010e-17
1.114836454676165718e-17
1.038265914867598409e-17
9.671749021492972852e-18
9.006980767274297058e-18
8.386139106741992276e-18
7.810959448854947400e-18
7.274418749615827892e-18
6.774365974272435929e-18
6.308674219848757871e-18
5.875266708005631723e-18
5.472126282178220496e-18
5.095095681897450953e-18
4.744942366039814307e-18
4.419833477559410172e-18
4.116381578518277662e-18
3.833410129349211095e-18
3.568395590825982671e-18
3.323032199161594348e-18
3.094710182212061322e-18
2.881342723748756105e-18
2.683095175028738422e-18
2.498121991398319880e-18
2.325692310039826983e-18
2.165766014206462095e-18
2.016206534711139399e-18
1.876517783816411840e-18
1.747210832323997946e-18
1.626108058851225929e-18
1.513696796158270643e-18
1.408996258401990981e-18
1.312231300835863620e-18
1.220571008834084637e-18
1.134603023435095158e-18
1.056683509212453134e-18
9.835526739662096677e-19
9.150379675888445540e-19
8.509497732109200122e-19
7.910872645254703722e-19
7.368069221094977311e-19
6.846193901253125607e-19
6.373251908422529526e-19
5.920210989023972057e-19
5.509748464242060155e-19
5.117745864656055094e-19
4.762572212439263194e-19
4.424211212866850998e-19
4.110440930316583822e-19
3.819560647751213079e-19
3.549960795069375517e-19
3.300126364598455658e-19
3.063846401763242134e-19
2.845471720604796862e-19
2.643621007675182879e-19
2.457016119452761727e-19
2.281254407074749464e-19
2.116152953259367395e-19
1.966701413899765753e-19
1.823911295103690284e-19
1.692524198987770259e-19
1.571558120391003085e-19
1.458353261488850554e-19
1.352598156221020305e-19
1.255401773404551400e-19
1.163389472101862809e-19
1.078980499682063497e-19
1.000409050649622781e-19
9.273512716678403596e-20
8.603585567585822870e-20
7.972872794958640027e-20
7.387954117127508096e-20
6.839424656063192098e-20
6.337927928906523344e-20
5.868376058261361614e-20
5.438619300049486382e-20
5.031278925256304514e-20
4.654475190025166257e-20
4.305972939338172675e-20
3.980493263737756031e-20
3.679885183525111438e-20
3.397024090038904929e-20
3.136366983039684002e-20
2.894003544803868415e-20
2.668912225697998206e-20
2.460085756854592308e-20
2.266538817649426429e-20
2.085897383418148092e-20
1.920214077649514665e-20
1.764728122859012524e-20
1.622397823203093910e-20
1.490175259534491662e-20
1.367553955706277758e-20
1.254019574414007231e-20
1.149058386496455812e-20
1.052773944388199423e-20
9.633815470922147799e-21
8.810780156880898978e-21
8.053962708933575259e-21
7.354912774009616176e-21
6.710601492503106942e-21
6.121123511382997915e-21
5.579580568603227957e-21
5.083054440494360704e-21
4.628691230521322854e-21
4.213709090352871970e-21
3.833655943378357449e-21
3.488127811722897180e-21
3.173216819079485871e-21
2.887016567492924245e-21
2.627656572491659828e-21
2.393309412629524443e-21
2.182210915936161512e-21
1.991933749379785356e-21
1.821138462647889096e-21
1.669053241076820210e-21
1.533212410808090332e-21
1.413452934724564582e-21
1.301889406898298580e-21
1.198162224862908076e-21
1.104968083712349146e-21
1.015535108585232117e-21
9.353164978083902639e-22
8.609607385652306776e-22
7.921491888211942173e-22
7.285586658479886017e-22
6.714574469853122465e-22
6.171840721064948307e-22
5.672020382998932903e-22
5.223584743807781013e-22
4.799533097320946464e-22
4.409918627851873802e-22
4.052140740448557633e-22
3.723746472388765057e-22
3.422434980238849720e-22
3.146053634742720578e-22
2.887270132681846348e-22
2.655419587090370371e-22
2.438561602047413839e-22
2.236438170606674539e-22
2.052059868204996841e-22
1.883818007503722655e-22
1.730248383018472937e-22
1.587564905263109448e-22
1.455327911088214985e-22
1.335009362128951605e-22
1.223708983712848314e-22
1.122518642040320969e-22
1.029045640832794752e-22
9.428459374528097382e-23
8.634716192357849473e-23
7.914788872298218643e-23
7.243247827379912115e-23
6.635042695418742842e-23
6.076419344258481222e-23
5.563772521749452873e-23
5.087968711309290452e-23
4.657733327786662403e-23
4.259086247301703126e-23
3.894655830755002578e-23
3.558209120408632518e-23
3.254815110638581763e-23
2.972210274022425944e-23
2.717644060068448728e-23
2.481136821691038400e-23
2.266212851062308997e-23
2.069051783993907957e-23
1.890023397897930908e-23
1.724535532122600490e-23
1.574516012481861146e-23
1.436176963049979482e-23
1.309909129794065640e-23
1.194732280591844537e-23
1.089728117206496566e-23
9.933301738013818678e-24
9.056096356914306092e-24
8.252419155085677532e-24
7.517106826129664003e-24
6.849582225974998862e-24
6.235681205737831509e-24
5.679294889308756867e-24
5.168697108727778672e-24
4.706486272639916973e-24
4.280561874212473663e-24
3.895620113113940641e-24
3.543659884800070159e-24
3.222264626952348276e-24
2.929105983610799306e-24
2.661967035176211332e-24
2.418744102721136591e-24
2.197460658650183573e-24
1.995324937754224216e-24
1.811761892701451466e-24
1.644394338708211424e-24
1.491961216976097372e-24
1.353261615935397206e-24
1.227164580725247416e-24
1.112154043802435831e-24
1.007795504161888951e-24
9.127937040967937086e-25
8.264026123021244378e-25
7.479150968444178097e-25
6.774200520853308025e-25
6.127746859063018669e-25
5.536497320903838657e-25
4.997005984566097782e-25
4.520686244339587579e-25
4.072493545061101428e-25
3.677503103340375946e-25
3.318075962455093020e-25
2.991544227272920839e-25
2.695326933703399371e-25
2.426965361911784954e-25
2.190289444413143417e-25
1.970034014272486377e-25
1.771136820022943489e-25
1.591677602135737397e-25
1.429875411978037007e-25
1.284089342582510807e-25
1.149951214381477800e-25
1.032138345012362850e-25
9.239369192417776464e-26
8.269405891573865005e-26
7.400058409664223031e-26
6.606156238184523964e-26
5.896934177666687955e-26
5.263355805375523057e-26
4.687352646621844920e-26
4.165452960235754605e-26
3.701637071444009066e-26
3.289338187858816799e-26
2.916945781133712421e-26
2.581536596829877655e-26
2.284620809932156534e-26
2.017858261114411577e-26
1.778773429637075936e-26
1.564992340052634668e-26
1.374261467435089622e-26
1.206621445154664232e-26
1.055464387363778595e-26
9.214399674480726933e-27
8.042326626858840961e-27
6.992848981736319487e-27
6.067704000451222941e-27
5.244917852514782910e-27
4.524952324715530144e-27
3.896322884289279386e-27
3.342903750449882608e-27
2.862273818870591953e-27
2.441632808120885518e-27
2.078254064028069987e-27
1.759273217873786359e-27
1.485696134488679756e-27
1.249516792336546272e-27
1.046418571609747608e-27
8.724723956962682461e-28
7.229515211958211260e-28
5.971155115641896897e-28
4.899071738710571100e-28
3.991621528095617016e-28
3.233738034513972647e-28
2.603879495241809241e-28
2.076352666449644676e-28
1.644077241137925250e-28
1.289789678970161594e-28
1.001807064671942537e-28
7.697762084966669117e-29
5.835550711562432370e-29
4.367038376288938436e-29
3.221739294353404574e-29
2.335139112525809760e-29
1.659332056517075901e-29
1.153214720692237541e-29
7.813746108506064921e-30
5.142861299919449615e-30
3.271653882759551601e-30
1.994860737355755592e-30
1.158524603589141315e-30
6.322094151707295362e-31
3.188427581650278240e-31
1.451229871876237413e-31
5.755839646604346201e-32
1.851981646004686527e-32
4.429534942365994737e-33
5.729185874110067401e-34
4.153047413257818436e-35
0.000000000000000000e+00
