4.551340913571192320e-08
4.240146968889843164e-08
3.954228941681120907e-08
3.689199950016224179e-08
3.438090024514407005e-08
3.205215539261306668e-08
2.992221779962674448e-08
2.788043054451462086e-08
2.601815078136149349e-08
2.428353460592366351e-08
2.265642206715346031e-08
2.110121485913300833e-08
1.968730426863658905e-08
1.833761405015392380e-08
1.714094943422880473e-08
1.596906422038399631e-08
1.490458404060195178e-08
1.386878493414083016e-08
1.294988584978241609e-08
1.205746408355210486e-08
1.124788911606158624e-08
1.048064266514201005e-08
9.783943901398369121e-09
9.111588829175099020e-09
8.490109584274095939e-09
7.914898055053414936e-09
7.373328078284199048e-09
6.872847603747719569e-09
6.402323821243244532e-09
5.968094568903952709e-09
5.560207220666048514e-09
5.178515930919639021e-09
4.826015151136659023e-09
4.492018687793686091e-09
4.183808445366580650e-09
3.896861553140377755e-09
3.628202600467711435e-09
3.378807528685626340e-09
3.148367740015416806e-09
2.929403324512645513e-09
2.727309301519906272e-09
2.538410085464830414e-09
2.363949508163439815e-09
2.199465968421397448e-09
2.047629165715004781e-09
1.906459296728975722e-09
1.774693341031422869e-09
1.651287995272277101e-09
1.537409561899178844e-09
1.430999401789973284e-09
1.331909173126389953e-09
1.239576860331216400e-09
1.153713795065253993e-09
1.073868237903846523e-09
9.996971681309553987e-10
9.308164067653502610e-10
8.663909358653243629e-10
8.066639517422195953e-10
7.513024816230312067e-10
6.992630630417831044e-10
6.511155547716736158e-10
6.065630496710799659e-10
5.647889756416973075e-10
5.259348061741688835e-10
4.898177857506688122e-10
4.562613089120617402e-10
4.250961503550029371e-10
3.958310136793016584e-10
3.688532870990487412e-10
3.435609645041749728e-10
3.201346049209339924e-10
2.983238222707604157e-10
2.779293578551162602e-10
2.590660842818111335e-10
2.413658535250043160e-10
2.250115301451412960e-10
2.096902976523946207e-10
1.954817408825915574e-10
1.821939426689149122e-10
1.698332280243728240e-10
1.583402099118698489e-10
1.476164242823853541e-10
1.376567283831374623e-10
1.283401188760283386e-10
1.196976568059502483e-10
1.115683618959705416e-10
1.040904368041564076e-10
9.706561427623221767e-11
9.047853948434711346e-11
8.450157430720675922e-11
7.871907607005604286e-11
7.347666926052703262e-11
6.856932361837926754e-11
6.398099736287451430e-11
5.969532961650544887e-11
5.569590806763308707e-11
5.196645563148283518e-11
4.849100130777565125e-11
4.525400282243481442e-11
4.224044116098219785e-11
3.943589703410627699e-11
3.682658964662807366e-11
3.434567836257996084e-11
3.209311067291545552e-11
2.995373538610223008e-11
2.796896802577118052e-11
2.609080042212441293e-11
2.435176867957881566e-11
2.274098620234028888e-11
2.124840860709232082e-11
1.983992054565246841e-11
1.851379229243442611e-11
1.728821820179880904e-11
1.615481202008556030e-11
1.507208349703068346e-11
1.408841434520328528e-11
1.315045274846067256e-11
1.228502447051767128e-11
1.147424774849517087e-11
1.071551078421010550e-11
1.000616756232072816e-11
9.343559880636841016e-12
8.725062888727857969e-12
8.148095934966208927e-12
7.610154634804917218e-12
7.108813665837861960e-12
6.641748397138090318e-12
6.201854622470573490e-12
5.792778261533424195e-12
5.412385270393520250e-12
5.055006480931493533e-12
4.719753358523718037e-12
4.408702099914659423e-12
4.117283431132978746e-12
3.847061800599369293e-12
3.591854995698949547e-12
3.355527357132809952e-12
3.134691023130899811e-12
2.926763103743839358e-12
2.732907174182603685e-12
2.553662849357027699e-12
2.383954267965716856e-12
2.227216995386823579e-12
2.079151895082181004e-12
1.941543206838355897e-12
1.813652570436508097e-12
1.693192943560052049e-12
1.581400250754826997e-12
1.476310770150958843e-12
1.378881701456033414e-12
1.287433515151480911e-12
1.201717383494969551e-12
1.121922572635329535e-12
1.047657957357544386e-12
9.781804473895587806e-13
9.129017906143615620e-13
8.522807607301405672e-13
7.957007800569253319e-13
7.426692834333202997e-13
6.932549884900338665e-13
6.470188216512835205e-13
6.037985568247566204e-13
5.636055836263704801e-13
5.259168502991016673e-13
4.907659758459027804e-13
4.579997805633840935e-13
4.273523652880644504e-13
3.987138581458681050e-13
3.719750563093304886e-13
3.473829778008162177e-13
3.236862553577419390e-13
3.021627268521016230e-13
2.818968844595871534e-13
2.628521355847870939e-13
2.449861435141952073e-13
2.287506968915073202e-13
2.130519356269052594e-13
1.987984917183959833e-13
1.854499692527434425e-13
1.729632337377722226e-13
1.612945320636215732e-13
1.501197655062780105e-13
1.399816503208422192e-13
1.305293116740175292e-13
1.217215043725922757e-13
1.133278488635269095e-13
1.057082948420001309e-13
9.845964692316100802e-14
9.173290701774693873e-14
8.549095145050606478e-14
7.969897056885234437e-14
7.421776813553489518e-14
6.914306480435454983e-14
6.444366770210637875e-14
6.001099878718102107e-14
5.591268625486552926e-14
5.205632769299061389e-14
4.849500414615056091e-14
4.515034511246886781e-14
4.201507852956788233e-14
3.912538591644783238e-14
3.641982000012150847e-14
3.392682139066408193e-14
3.156155691433147648e-14
2.938569297403141913e-14
2.735494834789377492e-14
2.546149485990379862e-14
2.367520216473954162e-14
2.203527500139467324e-14
2.050962769361690039e-14
1.907441336407653817e-14
1.775761634665351939e-14
1.650688492143439488e-14
1.536084227155138503e-14
1.428684004557313431e-14
1.329228199687423051e-14
1.236205996782340217e-14
1.149329037630021334e-14
1.069052525419026806e-14
9.941718565327507061e-15
9.243994537317013583e-15
8.594491820310612621e-15
7.990376352489802148e-15
7.428885063846761882e-15
6.907328969438542800e-15
6.419349140358663332e-15
5.966951030304797187e-15
5.547669812313354042e-15
5.156368495015419947e-15
4.791643177416471183e-15
4.454356623380139491e-15
4.140358745876975407e-15
3.848302675771499010e-15
3.575170686425166315e-15
3.323231525733890599e-15
3.087977727631661036e-15
2.869868642966205828e-15
2.666588917563681197e-15
2.478373308537364194e-15
2.303203606286195675e-15
2.140322716889625917e-15
1.988226343120613670e-15
1.847785309589922148e-15
1.716836616050794207e-15
1.595450208369750785e-15
1.482458407064870758e-15
1.377382329446212431e-15
1.280165835075185361e-15
1.189474517759149045e-15
1.105320849728878592e-15
1.026965526101189494e-15
9.543625578033557943e-16
8.868584281585989323e-16
8.241452878027505680e-16
7.665404355348569118e-16
7.117144302071599750e-16
6.621361114595622379e-16
6.141357068119556565e-16
5.707929865300344853e-16
5.315489032163864096e-16
4.936665738631927822e-16
4.583855597302136630e-16
4.264846692272566346e-16
3.958980140975319782e-16
3.682533882852855902e-16
3.425195295521698548e-16
3.185843757131386824e-16
2.957822600148240113e-16
2.751714528402566894e-16
2.555807434648169396e-16
2.378640027587656082e-16
2.210540877189010533e-16
2.055050701745913470e-16
1.911229046720088496e-16
1.778196648506643259e-16
1.652645877195323820e-16
1.536774758295607296e-16
1.429804979197204382e-16
1.329178158634269689e-16
1.236423777886159683e-16
1.150882353183899410e-16
1.070586646130161867e-16
9.953725872400290330e-17
9.261648492189883204e-17
8.614247803070743432e-17
8.018732698667065967e-17
7.462194541820532748e-17
6.942783275037869201e-17
6.458594977136642322e-17
6.007708053168928222e-17
5.593751358052798303e-17
5.203222501578039637e-17
4.844949243257237525e-17
4.507629309142106240e-17
4.194565180533912272e-17
3.904113855754805159e-17
3.634713847968050869e-17
3.384886192004049346e-17
3.150732569814699830e-17
2.931648905240713332e-17
2.729030078466816528e-17
2.541602672375566064e-17
2.366504430582598567e-17
2.203116648825087409e-17
2.050813902056355512e-17
1.910220644434712100e-17
1.778102357746817898e-17
1.656261174875390178e-17
1.541963719550747767e-17
1.435777938472283067e-17
1.337163986658900495e-17
1.245607024086855041e-17
1.159992594494647192e-17
1.080035396377282408e-17
1.005958930989742068e-17
9.368587124417413032e-18
8.724577130057427680e-18
8.124820127958088663e-18
7.566641473448895607e-18
7.047443307288281515e-18
6.561871563754936177e-18
6.110914644765636783e-18
5.692212046123927479e-18
5.301401143052305851e-18
4.936966691490410507e-18
4.595658667574795041e-18
4.279659053256433840e-18
3.985606766017040273e-18
3.710814229906258959e-18
3.455494399271151635e-18
3.217270427631098839e-18
2.995201049226217744e-18
2.789234598570960650e-18
2.596619423370529519e-18
2.416716620580083786e-18
2.250184389266415711e-18
2.094218207201990885e-18
1.949445701256721670e-18
1.814603733391387267e-18
1.689981407986835342e-18
1.571927851774991012e-18
1.461199237149330432e-18
1.360831507340145557e-18
1.266626817672213106e-18
1.178363625048744194e-18
1.095798373327528793e-18
1.018673030575563544e-18
9.487360728801488214e-19
8.814922932084490165e-19
8.205507299989501677e-19
7.621709484963938129e-19
7.092756903340323737e-19
6.587573531426463111e-19
6.129836256093786156e-19
5.693752764418089192e-19
5.289350729813297029e-19
4.914441625413050650e-19
4.566953986797211900e-19
4.244937836755085520e-19
3.940390095551104661e-19
3.658920749605889173e-19
3.398751251266254917e-19
3.158235721683812243e-19
2.931700985527795359e-19
2.718912656004101854e-19
2.526302339892878523e-19
2.342286600831027719e-19
2.172976844455136881e-19
2.017107667988072079e-19
1.871251977709553898e-19
1.735008770346628816e-19
1.609806490994153500e-19
1.491298077115523397e-19
1.382599215665615115e-19
1.281435175366099862e-19
1.187388441199404956e-19
1.101167742831559818e-19
1.020013365013238289e-19
9.447713604925542084e-20
8.742311600633640325e-20
8.097602270829909390e-20
7.494174756289956773e-20
6.941967659099715693e-20
6.418504861058375809e-20
5.934240050020503511e-20
5.486319050613147742e-20
5.067972758404521369e-20
4.681591503360766727e-20
4.318029912027498776e-20
3.983027037609497576e-20
3.671565825032622568e-20
3.382340856491801299e-20
3.114063749695798676e-20
2.865473110779125798e-20
2.633523590976441880e-20
2.420852499987941983e-20
2.221350170913657436e-20
2.038812470991353842e-20
1.869328295313421344e-20
1.712247295364535502e-20
1.566908334919578922e-20
1.432650399913125785e-20
1.309600467453225288e-20
1.195472356933133335e-20
1.090512281986664899e-20
9.941173418483384552e-21
9.052042804362317031e-21
8.233811297413820131e-21
7.486511648599358739e-21
6.801302491589211314e-21
6.174399517822722213e-21
5.602099040379854129e-21
5.080789382939634646e-21
4.604772733752574020e-21
4.173430859707602588e-21
3.781764413058228648e-21
3.427284860241419089e-21
3.107549338455840451e-21
2.820171045658608012e-21
2.562844724975977500e-21
2.332471674987459137e-21
2.127291441051517788e-21
1.946218783947209511e-21
1.786159828611594431e-21
1.646475813597771464e-21
1.516524565627652762e-21
1.395705312653518854e-21
1.287158239019457356e-21
1.182995214282494689e-21
1.089567023403700995e-21
1.002969567244081981e-21
9.228312406241811520e-22
8.487751932463665711e-22
7.822779356868443071e-22
7.190751249240895996e-22
6.608707450710725794e-22
6.086509287555576385e-22
5.592711930138866345e-22
5.139019800845139654e-22
4.722402408395999169e-22
4.340001515984426864e-22
3.989136338614761453e-22
3.667298962643363213e-22
3.365950034790760644e-22
3.095959382185919101e-22
2.843421854462090364e-22
2.608036286786324359e-22
2.393308367492014997e-22
2.197364722538848424e-22
2.018500339972877344e-22
1.852305694894433993e-22
1.698268731346852232e-22
1.558104552180615283e-22
1.428435125643054540e-22
1.310533243128322932e-22
1.201611895264516256e-22
1.101154307186032685e-22
1.008639248751434742e-22
9.247161296950806683e-23
8.464215321408690768e-23
7.754994274483183442e-23
7.103472991762042990e-23
6.505457829953626401e-23
5.950303831460387613e-23
5.448203800404858956e-23
4.982855288286833844e-23
4.557337943565409431e-23
4.164423171908247878e-23
3.810061367558016622e-23
3.479935838932668746e-23
3.182521589850591485e-23
2.906165689232206160e-23
2.654991694641429137e-23
2.424540826871459734e-23
2.215250887180214187e-23
2.021758410617614302e-23
1.846322117532008244e-23
1.684516932259218994e-23
1.536803844129139002e-23
1.402040327910183082e-23
1.279155899296463636e-23
1.166320870667869546e-23
1.063621923887194201e-23
9.695115377150279193e-24
8.833879705486893780e-24
8.051865888313898114e-24
7.332507099973100510e-24
6.680388165705056216e-24
6.081789761943178776e-24
5.539781173757413242e-24
5.040193820792069481e-24
4.588555941217768222e-24
4.175500369327018273e-24
3.798208194774230473e-24
3.453962605420200456e-24
3.140176189721934386e-24
2.854393037862637985e-24
2.594305162779232409e-24
2.356644327327021537e-24
2.140746905724962571e-24
1.943828909836988337e-24
1.764417508780461020e-24
1.601109641403158574e-24
1.452583612400343477e-24
1.317062772825307222e-24
1.194043789068088670e-24
1.082008054212309418e-24
9.800833411476641247e-25
8.874425808680304731e-25
8.041997463448243378e-25
7.278345233829995502e-25
6.579621972663115058e-25
5.941795600592550473e-25
5.378411379915593835e-25
4.848056803675568341e-25
4.380438537729544664e-25
3.954719060271928729e-25
3.567770206518943136e-25
3.216564173064834802e-25
2.898215423318032839e-25
2.617301683972517738e-25
2.355730867756326512e-25
2.119385802923839749e-25
1.906009155054488349e-25
1.713506463703392636e-25
1.539947226405423902e-25
1.380148063788922535e-25
1.239700641872371092e-25
1.110620204854106903e-25
9.948223584358650899e-26
8.909586019704100665e-26
7.960350780680409120e-26
7.111685757350398106e-26
6.352918235781048996e-26
5.662523030265341389e-26
5.036431424771231330e-26
4.479522436690705789e-26
3.984021697156160705e-26
3.536065939827206091e-26
3.132213232209252417e-26
2.774361768635965572e-26
2.452534738229362568e-26
2.163807867107581589e-26
1.905373427369333560e-26
1.674563062306284447e-26
1.471482524733422270e-26
1.288175211859442636e-26
1.125469570591613402e-26
9.830271424117261397e-27
8.553469666434706872e-27
7.426722507541773007e-27
6.423590410255583526e-27
5.545176157592516035e-27
4.777713307875773289e-27
4.101635640273397164e-27
3.514095132759477924e-27
2.999545300332882439e-27
2.554741565789124488e-27
2.164016189992055122e-27
1.828672631233734792e-27
1.538966044531958559e-27
1.289659869490315165e-27
1.075983750348682950e-27
8.921768410127437357e-28
7.373711627207407456e-28
6.053830426792378146e-28
4.935788737669783060e-28
4.001309883963548991e-28
3.224091856180820180e-28
2.572643431912745800e-28
2.038406171796478660e-28
1.600210443633401416e-28
1.243744364813401805e-28
9.563105949881033867e-29
7.254435725125079003e-29
5.432422774766901122e-29
4.010316521889622383e-29
2.908578148505533345e-29
2.068132369248803324e-29
1.438231835786187857e-29
9.750966536488275382e-30
6.421819733003125364e-30
4.087710963363930985e-30
2.493906023655893150e-30
1.449174118161833371e-30
7.912571182045004624e-31
3.992705652445607523e-31
1.818246940558127545e-31
7.215098511636665411e-32
2.322620050301799729e-32
5.557730572932948918e-33
7.191481093100340243e-34
5.215145105565802997e-35
0.000000000000000000e+00
