4.029376278840224011e-08
3.744375507390566842e-08
3.470955230004368739e-08
3.230087125095468092e-08
2.991315867532788293e-08
2.781209720779030996e-08
2.579750535971468120e-08
2.396944363972592485e-08
2.221935831544994916e-08
2.068007776850997743e-08
1.916135389564591380e-08
1.779201692448450166e-08
1.648189213712632953e-08
1.530430307127700516e-08
1.420317478417584066e-08
1.319030517552936440e-08
1.221944960816377582e-08
1.133253320473602398e-08
1.050171937801826936e-08
9.745542101162021341e-09
9.020743720855578593e-09
8.377706791699290350e-09
7.759956860649525196e-09
7.202419839953978713e-09
6.657611386767342098e-09
6.186219293096321191e-09
5.716761681321309828e-09
5.311305020661129563e-09
4.908162872062832421e-09
4.560511559495260101e-09
4.215219994590461148e-09
3.913151353631722719e-09
3.618437942714591799e-09
3.357233948946597499e-09
3.102940136684164047e-09
2.881322991146801562e-09
2.662616717877466048e-09
2.472327148688694360e-09
2.287191078275753274e-09
2.122071472155732379e-09
1.961975193375371865e-09
1.821249061285032157e-09
1.684922090002241466e-09
1.563803498856694528e-09
1.446794603972910993e-09
1.344053960021159887e-09
1.243890068615257917e-09
1.155047798590599193e-09
1.069637113997842678e-09
9.938482429873084501e-10
9.205101331733963418e-10
8.554077015409339151e-10
7.926736880421035166e-10
7.369128024758529600e-10
6.833917770700404745e-10
6.357191825559514074e-10
5.897903129164447862e-10
5.487926876909951274e-10
5.097765262482295031e-10
4.743211970872786274e-10
4.407652786808613528e-10
4.106189517479162839e-10
3.818024511924031044e-10
3.556606541388981189e-10
3.309754595728192909e-10
3.085038275246769273e-10
2.873709613782599660e-10
2.678403819361116231e-10
2.496647013815043710e-10
2.328236962105949282e-10
2.171161761256395957e-10
2.026081941143469824e-10
1.889750642838967843e-10
1.764252513595166149e-10
1.646083216920943357e-10
1.537136494188350042e-10
1.434815079852203470e-10
1.339952267814054969e-10
1.251058263997572381e-10
1.168289430773284780e-10
1.091189191991228299e-10
1.019135535196983495e-10
9.520928150759249905e-11
8.892641439263095312e-11
8.308727721326979875e-11
7.758453398340335639e-11
7.251320772608028461e-11
6.774025007767640094e-11
6.325628993998396282e-11
5.918006166279367731e-11
5.522909053667532193e-11
5.164041846405513925e-11
4.827489976878685304e-11
4.512233631209980055e-11
4.217227543897984904e-11
3.941415950811861924e-11
3.683748153647418895e-11
3.443187541174785278e-11
3.218722536123317422e-11
3.009371094752596858e-11
2.814188111390732894e-11
2.632266667069980289e-11
2.458985879479331336e-11
2.301372959461896807e-11
2.151416047766067527e-11
2.012050348243819036e-11
1.879937450134279835e-11
1.757396322357915232e-11
1.643695462638123248e-11
1.538158112837488097e-11
1.438397177053199277e-11
1.344309402932814756e-11
1.257208597050178345e-11
1.176524012246959123e-11
1.099318859928489866e-11
1.029061672245882740e-11
9.619599555272613680e-12
8.999467493537573101e-12
8.417564963206812472e-12
7.872143780374792001e-12
7.361421635973378085e-12
6.883598983114611603e-12
6.436890198442243377e-12
6.019533033317482034e-12
5.629810388239290291e-12
5.266054225801812035e-12
4.926660104597585752e-12
4.606534967955970430e-12
4.308396650905869585e-12
4.030758859882483313e-12
3.769541109437818516e-12
3.524142545099997959e-12
3.296134155460079459e-12
3.082215246553847884e-12
2.883578895096285404e-12
2.695719334498671042e-12
2.521516925649725921e-12
2.358511850133836522e-12
2.204826606048384688e-12
2.061348917265074968e-12
1.928508928048137953e-12
1.802569540001517359e-12
1.686103009979687077e-12
1.575936868334377747e-12
1.473417488807706673e-12
1.378015656517707166e-12
1.288042191931690898e-12
1.204436022869307741e-12
1.125743694087271908e-12
1.052695988305048941e-12
9.840470855883110524e-13
9.196211023789099506e-13
8.595715472794578224e-13
8.036151830583857569e-13
7.512020361515938547e-13
7.018965267404687694e-13
6.560535527199608428e-13
6.132150948678447120e-13
5.730152657749498204e-13
5.355127225431710566e-13
5.003805540753496946e-13
4.675011115362844155e-13
4.368886633888207191e-13
4.081498896579976115e-13
3.813149432387822817e-13
3.562714188668982978e-13
3.328201115044913678e-13
3.108806801599456131e-13
2.903729066311961335e-13
2.714900864412600476e-13
2.532738453274965751e-13
2.367092253057489210e-13
2.210948158343319007e-13
2.064045370241427220e-13
1.926077037253264922e-13
1.800558887494994727e-13
1.679052247587213598e-13
1.568606944456306695e-13
1.465057483189713070e-13
1.368084532687763652e-13
1.277362498052788364e-13
1.190381781807305356e-13
1.111379946636765194e-13
1.037639324492141066e-13
9.688495818944265240e-14
9.032199800087501119e-14
8.435752876182660088e-14
7.867697624271634534e-14
7.339938418752751466e-14
6.849654914628204458e-14
6.394195588477778157e-14
5.962679393744097349e-14
5.562701196274659938e-14
5.191875314494657601e-14
4.841688013847033593e-14
4.517534664812801388e-14
4.212156717195354929e-14
3.929805386534868574e-14
3.664312708841696366e-14
3.415137262471813973e-14
3.185196118839142423e-14
2.969639808249779935e-14
2.770771051362137312e-14
2.581852936952413583e-14
2.407839148618739826e-14
2.245221101509994104e-14
2.093397914786423204e-14
1.949975351178175353e-14
1.818125500504411472e-14
1.695295891412554558e-14
1.579585635091717320e-14
1.473272199996752076e-14
1.372146992660682615e-14
1.279349914531519123e-14
1.192256586891336298e-14
1.111483236348555230e-14
1.035818350974162437e-14
9.650404458864262728e-15
8.995348506876061112e-15
8.383324717160697764e-15
7.812102036171128407e-15
7.279452896868456357e-15
6.783166156694385699e-15
6.321079664551663346e-15
5.891085863117791290e-15
5.488033133088042938e-15
5.113667759265789538e-15
4.766044056636721205e-15
4.440987172191815438e-15
4.137403774470898221e-15
3.856091013575608023e-15
3.593662413577453896e-15
3.349059820949825276e-15
3.119815494601474868e-15
2.907897254175428032e-15
2.709574649191467980e-15
2.525289841787613725e-15
2.353139475621180936e-15
2.193373691957935519e-15
2.044328599083801646e-15
1.905404613916248803e-15
1.775359303018493273e-15
1.654978995592106480e-15
1.542450174601360990e-15
1.437869305655394475e-15
1.340265797593130109e-15
1.249258054849506309e-15
1.164830216628358790e-15
1.085853225985758708e-15
1.012365305524216194e-15
9.437472787833241458e-16
8.799843858638309447e-16
8.205271593632260163e-16
7.651269732823592351e-16
7.140881885900344544e-16
6.653644124437027667e-16
6.211691692010739649e-16
5.782468028304506410e-16
5.393657586839282652e-16
5.040508455106808629e-16
4.698524941580574107e-16
4.378974262507032655e-16
4.089086031168307314e-16
3.810212374219902361e-16
3.557310230437868952e-16
3.321094284692895080e-16
3.100640465725635129e-16
2.889890219328597592e-16
2.698723595011021317e-16
2.516375212133637073e-16
2.350881904797422791e-16
2.193296874077496328e-16
2.047001526748878993e-16
1.911190125013437681e-16
1.785106786513796336e-16
1.665672655446191533e-16
1.555032747441803360e-16
1.452508616254696989e-16
1.355698290522981877e-16
1.266120547297429347e-16
1.183193488723152861e-16
1.105052805656513014e-16
1.031572206209238856e-16
9.636947474438269846e-17
8.999497699864391380e-17
8.410825782722800167e-17
7.858513319321682042e-17
7.340993900701110961e-17
6.856635732480137670e-17
6.403770540514656874e-17
5.986323888200215033e-17
5.590910314152108345e-17
5.226684565060529497e-17
4.882366437194846138e-17
4.561499027640892156e-17
4.262588852320932093e-17
3.984209079295452353e-17
3.724999668167907371e-17
3.481057995727430654e-17
3.251874417091403004e-17
3.039039567511425225e-17
2.841353844584749176e-17
2.655915004383302785e-17
2.482167010035431473e-17
2.319540259028947105e-17
2.168801581340979521e-17
2.026569516299304671e-17
1.894865236917527746e-17
1.770811956624560629e-17
1.655093083604526236e-17
1.547189972461492119e-17
1.446604845230153935e-17
1.352170158836125706e-17
1.263621228287730473e-17
1.181256883974027508e-17
1.104120328536749842e-17
1.031944773749070459e-17
9.644638346108265011e-18
9.014147645457420954e-18
8.425403211280981343e-18
7.872653185561248117e-18
7.357325828766047582e-18
6.877026362184846462e-18
6.427018836286488910e-18
6.005796111232350943e-18
5.609816369962577978e-18
5.241825680540299108e-18
4.898123328105408629e-18
4.575748063047205595e-18
4.275119113335925560e-18
3.993598731312517929e-18
3.730218247340291078e-18
3.485058733681390430e-18
3.254972488061662129e-18
3.039306889995596377e-18
2.838964260283168401e-18
2.650674460834494156e-18
2.475287250116528678e-18
2.311364191287423222e-18
2.159343973777820001e-18
2.014841650811409947e-18
1.878835517900577798e-18
1.755134401862979852e-18
1.638638396452546380e-18
1.529121968587125672e-18
1.426330027036419745e-18
1.329987030549730019e-18
1.242333774415944531e-18
1.157777108708111314e-18
1.080892122921796554e-18
1.006996931155472509e-18
9.398244112948108212e-19
8.754613980558896343e-19
8.169541811777857776e-19
7.610353700506921705e-19
7.090112949263854803e-19
6.606266227750983937e-19
6.156383176063904316e-19
5.738164493482310270e-19
5.341387053484569589e-19
4.973521843975893511e-19
4.632436391104664769e-19
4.316147865953007279e-19
4.017332240319507503e-19
3.735784148461292951e-19
3.480160487798516877e-19
3.235206234271039405e-19
3.009146815072081371e-19
2.800413916406437247e-19
2.604515179551976961e-19
2.420988126568092144e-19
2.251842563327082190e-19
2.091275565690779702e-19
1.943574098270528406e-19
1.805719081163750084e-19
1.677199898932567860e-19
1.559046375437858569e-19
1.447527918617443353e-19
1.343848610975020380e-19
1.246381279580951611e-19
1.157058120721544144e-19
1.073230607527325650e-19
9.963119723337484165e-20
9.231986957365063093e-20
8.553763345374352108e-20
7.924760908365639842e-20
7.335731167446345100e-20
6.790282791035057651e-20
6.275712352924667495e-20
5.800340236288498634e-20
5.357249346309318104e-20
4.944758206275259796e-20
4.561191286180170288e-20
4.204900183373732737e-20
3.871652518151191725e-20
3.565373177527681848e-20
3.277381030044202468e-20
3.013265983641636814e-20
2.767478735624202688e-20
2.539166454788395836e-20
2.327452278840771303e-20
2.131453502705189649e-20
1.951433229529958465e-20
1.784116105973888211e-20
1.629923182233269638e-20
1.488028405141468665e-20
1.356889533888718216e-20
1.235975073154879609e-20
1.125335079850662364e-20
1.023702334589677363e-20
9.305523766747532796e-21
8.453687230397107840e-21
7.676450043060045928e-21
6.965591806039478146e-21
6.320442664528696771e-21
5.733754848517212285e-21
5.202005912680486381e-21
4.721715745792063583e-21
4.289468317422791138e-21
3.901946141073957398e-21
3.554616307686519375e-21
3.244940018903648334e-21
2.971385442976684298e-21
2.729369675476881916e-21
2.517988328094558371e-21
2.321104787756562793e-21
2.137836679769799053e-21
1.972993703840798150e-21
1.814630820868878078e-21
1.672432888313197827e-21
1.540493783200225916e-21
1.418271936435269967e-21
1.305215919992308811e-21
1.203604511660297949e-21
1.106940634818497391e-21
1.017843280040927556e-21
9.378406713192116608e-22
8.621289101841633902e-22
7.925128536053498533e-22
7.285386338685947833e-22
6.697776487899351248e-22
6.158267078012322800e-22
5.663081967603463749e-22
5.199141947157560212e-22
4.783244136786720515e-22
4.394024220945672411e-22
4.031054826408282356e-22
3.699780855333113512e-22
3.397351442425340321e-22
3.121168630650357465e-22
2.864449796961327362e-22
2.626424765096518027e-22
2.409764157583547481e-22
2.209264760574565612e-22
2.026909777212446043e-22
1.858402426535375285e-22
1.702953534014523306e-22
1.559766150418470048e-22
1.429853629775300185e-22
1.308635753690085368e-22
1.198818019607998538e-22
1.097924384247007629e-22
1.005309175524243159e-22
9.193271330953655195e-23
8.415594294819743674e-23
7.694833018494298066e-23
7.035772930073518087e-23
6.427229566813414829e-23
5.878425720328002097e-23
5.367195085042289865e-23
4.906664786037225541e-23
4.478792172533789243e-23
4.089961304067528792e-23
3.733267537643044160e-23
3.409384604249551331e-23
3.110008676947062804e-23
2.838629496990939321e-23
2.588396721754245121e-23
2.360017658045147318e-23
2.151719558845419853e-23
1.961840519297707618e-23
1.787547283543008665e-23
1.628966648038916181e-23
1.483702673149443013e-23
1.350819745059800541e-23
1.230211647384742457e-23
1.119316421732562258e-23
1.018834877406152523e-23
9.266463075497580246e-24
8.432174432799646556e-24
7.663613109857210226e-24
6.969228816666693278e-24
6.334558137467290950e-24
5.755219463101994920e-24
5.226989474440176676e-24
4.745848427761755192e-24
4.307981305285252619e-24
3.909804308241424059e-24
3.546269902703285820e-24
3.216319839110474871e-24
2.915657596221847045e-24
2.641995221780189103e-24
2.393154799527326435e-24
2.167085110112103836e-24
1.961047577503115772e-24
1.774243273820143021e-24
1.604333379918204077e-24
1.449964652438466627e-24
1.309854489913855817e-24
1.184142765431860143e-24
1.068993170835667868e-24
9.638043428276516889e-25
8.679471844131246170e-25
7.834283260506053961e-25
7.040138538352968001e-25
6.341321566940537178e-25
5.706428481057268915e-25
5.130605141029553849e-25
4.609164316650320440e-25
4.137640201699996563e-25
3.722598657183880747e-25
3.337143525259284908e-25
2.989828062201673476e-25
2.677177212984547699e-25
2.395971331385726380e-25
2.143246103580014712e-25
1.911342241170985722e-25
1.708240708097152732e-25
1.522264310135821956e-25
1.356072856761212503e-25
1.207613145571570274e-25
1.072510398106322741e-25
9.522637660212419924e-26
8.452562462541185955e-26
7.483685770989724356e-26
6.609606469352050011e-26
5.836345205564679560e-26
5.152232177179034229e-26
4.537419823503373102e-26
3.986590030759328488e-26
3.501684952114659435e-26
3.068558427205362516e-26
2.682760179324393381e-26
2.340031926557966537e-26
2.036354167272466379e-26
1.771355176168399373e-26
1.534219298427211766e-26
1.325645058357547486e-26
1.144772784473831280e-26
9.842459992760935493e-27
8.440579911609316123e-27
7.206111073389808555e-27
6.137343030617664105e-27
5.214523735933101487e-27
4.411579560453326596e-27
3.722767638735286954e-27
3.127651057847928153e-27
2.620452098382545874e-27
2.181511967256413261e-27
1.810650682447598218e-27
1.495468255589297996e-27
1.228870782472184037e-27
1.004467376346800694e-27
8.150797960801435187e-28
6.587347126262057621e-28
5.282089134228194291e-28
4.200748272963368161e-28
3.317936258274845396e-28
2.601568072418522764e-28
2.016626274848916662e-28
1.550021517883369689e-28
1.178357837015577701e-28
8.852523162281565491e-29
6.565977344849914260e-29
4.792907528488366385e-29
3.445408784352953660e-29
2.435059564503313724e-29
1.685409435341444963e-29
1.139513832881375400e-29
7.504717302468379585e-30
4.796282878718532697e-30
2.961855220321789135e-30
1.757001147102905022e-30
9.912472267874656866e-31
5.281146952972746251e-31
2.613000842941875019e-31
1.179462830458205164e-31
4.707759063820340550e-32
1.606609145254438839e-32
4.250458262000899803e-33
8.210893339991203467e-34
7.596629205571251681e-35
3.299338464871154832e-36
0.000000000000000000e+00
