4.432839409933009605e-08
4.130727100461551985e-08
3.852867808526719073e-08
3.595305989431874022e-08
3.351033596035475677e-08
3.124520146338346969e-08
2.917153788653853686e-08
2.718407067816405787e-08
2.536976814690996052e-08
2.368029945660752332e-08
2.209424537168329284e-08
2.057876562064612359e-08
1.919992560307174776e-08
1.788419907203812435e-08
1.671680544648352461e-08
1.557406628569313440e-08
1.453535384535773858e-08
1.352507660766562165e-08
1.262823624956597736e-08
1.175765846034372443e-08
1.096740354453665598e-08
1.021885422083952040e-08
9.538712224168579179e-09
8.882698674029168240e-09
8.275960468378319288e-09
7.714721099041610706e-09
7.185991181634941300e-09
6.697677699681516921e-09
6.238321873795366740e-09
5.814673031212123788e-09
5.416490825870800360e-09
5.044130897252874363e-09
4.700048256964872730e-09
4.374253648601141415e-09
4.073440313489530776e-09
3.793579645273010149e-09
3.531406281675448832e-09
3.288208877540388515e-09
3.063368343057115602e-09
2.849882667641299228e-09
2.652736739075903223e-09
2.468600552629238353e-09
2.298446378933796515e-09
2.138144062373422417e-09
1.990088852212867935e-09
1.852539305079863875e-09
1.724086375351703208e-09
1.603874561487910783e-09
1.492888493911083950e-09
1.389258804863727340e-09
1.292712589558620700e-09
1.202817265705028272e-09
1.119183767530151289e-09
1.041467955113543166e-09
9.692458737921968465e-10
9.022226992513266291e-10
8.395114075958508389e-10
7.814136487951601718e-10
7.275443824531167298e-10
6.769414136657871790e-10
6.301095036159151555e-10
5.868023091229280223e-10
5.461859631862652337e-10
5.084320255776512361e-10
4.733309102045428217e-10
4.407377903054116761e-10
4.104629219459088668e-10
3.820501349002179479e-10
3.558557355495680711e-10
3.313114066538197006e-10
3.085769977611180662e-10
2.874217733643948609e-10
2.676406386746798235e-10
2.493541407423437887e-10
2.321963783486388695e-10
2.163512955857269916e-10
2.015090536727151798e-10
1.877515414505965078e-10
1.748879506684100106e-10
1.629277442577731469e-10
1.518098027643656469e-10
1.414411084840345047e-10
1.318140402342013666e-10
1.228130825812961307e-10
1.144663260612634183e-10
1.066192053600817397e-10
9.940371249619584297e-11
9.262900440858149613e-11
8.627930529984400653e-11
8.052089469265529503e-11
7.495258266565392781e-11
6.990728739298999207e-11
6.518697739294391986e-11
6.077620069814676956e-11
5.665876445265933129e-11
5.281880084062345777e-11
4.924027763192028078e-11
4.590773266351045184e-11
4.280589751648921762e-11
3.992023208456100772e-11
3.723658983304666807e-11
3.474164102629090013e-11
3.237121400666143092e-11
3.022066836806215406e-11
2.817975495806151059e-11
2.628790889213994421e-11
2.449912128574919292e-11
2.284429708016254915e-11
2.131280056697730181e-11
1.989496118459547337e-11
1.855816315290530667e-11
1.730070769799378569e-11
1.613965965434273145e-11
1.506694398171145621e-11
1.404316080833011889e-11
1.311394411138589324e-11
1.222877063559059347e-11
1.141284639950541963e-11
1.064922447567009293e-11
9.935312962412861788e-12
9.268585159744702804e-12
8.646389759255204859e-12
8.066255656629288281e-12
7.525592058431748058e-12
7.022075480475548436e-12
6.553251788431051145e-12
6.116997661396149031e-12
5.706490269777173948e-12
5.325211639907740021e-12
4.970969641169723340e-12
4.638582419523015423e-12
4.327027589552024884e-12
4.038343846907022387e-12
3.768086474142883302e-12
3.517825209199517679e-12
3.281636112370401556e-12
3.063222716965376510e-12
2.859257260100827369e-12
2.667486346459167247e-12
2.488799592658727058e-12
2.323819503332975040e-12
2.167697881942275786e-12
2.023720416610897833e-12
1.887771893618686921e-12
1.761611429211880509e-12
1.644407092078942486e-12
1.534177422077062955e-12
1.431913479494969617e-12
1.335925130971435781e-12
1.246958801021319341e-12
1.163578506154728748e-12
1.085442517569839961e-12
1.012812296833437220e-12
9.452273984608922526e-13
8.820920706832806442e-13
8.227798856205549630e-13
7.677796607186495802e-13
7.164498060979400614e-13
6.684079354975645631e-13
6.236446692852296038e-13
5.818191282062956785e-13
5.427218279216711687e-13
5.064129379277890345e-13
4.723649520920189820e-13
4.406522626470224065e-13
4.110887437331268585e-13
3.834731426486208062e-13
3.576648111831845196e-13
3.335993029771689949e-13
3.114623206862502751e-13
2.901580403828463869e-13
2.708038479048195330e-13
2.526030162529890971e-13
2.354947367746418147e-13
2.194647489919440291e-13
2.048934064339327481e-13
1.908205644958209279e-13
1.780389537887377138e-13
1.660830057427675915e-13
1.548942918320211141e-13
1.444508490259068462e-13
1.344448613482419854e-13
1.253776206221792067e-13
1.169191070827149675e-13
1.090464850344025854e-13
1.015395068004345071e-13
9.473265259837562763e-14
8.825272234396886808e-14
8.224613942169605791e-14
7.666824839707919797e-14
7.149826115499949485e-14
6.660163847226426265e-14
6.207311968057061863e-14
5.787572698467599942e-14
5.392081549081849253e-14
5.026066650452621421e-14
4.682017854957820291e-14
4.363958623337044715e-14
4.065547827937512791e-14
3.785507789976659359e-14
3.527645803649035396e-14
3.285927315577144345e-14
3.063398262351962322e-14
2.852005486192172902e-14
2.657697982997355880e-14
2.476109511348760777e-14
2.306921805885034738e-14
2.147088740243443439e-14
2.000444420302202332e-14
1.863821674028959001e-14
1.735364971299223533e-14
1.617329872431543653e-14
1.505262542598410659e-14
1.402415741151813516e-14
1.306061160709528669e-14
1.216690506227069552e-14
1.133113018334214250e-14
1.054927710043031479e-14
9.826817362409123898e-15
9.151774571699596061e-15
8.522676981670965590e-15
7.936041349511245475e-15
7.390216719428245655e-15
6.882006230843378954e-15
6.409703104520730946e-15
5.967011487126158848e-15
5.556316630983830387e-15
5.174994139515143356e-15
4.818811261171767354e-15
4.486209786371157814e-15
4.178307818555278014e-15
3.891137669782966993e-15
3.623706523990730276e-15
3.373141018647431748e-15
3.141690306729187760e-15
2.925169163094420018e-15
2.724107706834025108e-15
2.536371602334467342e-15
2.362240352840763297e-15
2.199882761913455548e-15
2.048622541755473159e-15
1.907120448447572258e-15
1.776186536366701526e-15
1.653882827013041734e-15
1.540253642112635440e-15
1.434294268893165536e-15
1.335520275652762091e-15
1.243973582344919336e-15
1.158354017963535501e-15
1.078767973255751373e-15
1.004467216737584117e-15
9.355025149677163178e-16
8.712023126250738118e-16
8.113642294906666928e-16
7.562418899137268117e-16
7.036908178836522980e-16
6.560281907606817712e-16
6.098057582472741478e-16
5.679401035975508512e-16
5.299738513140667548e-16
4.932114495478184376e-16
4.589181589479036126e-16
4.278123389949161827e-16
3.979419648692432036e-16
3.708582712183908770e-16
3.456096745575661963e-16
3.220505979407993691e-16
2.995740729479880545e-16
2.791918577486934960e-16
2.597915139159773705e-16
2.421903040664517410e-16
2.254681281430287605e-16
2.099504470600093374e-16
1.955792308560631823e-16
1.822437703096481354e-16
1.696433320311208961e-16
1.579775893323687443e-16
1.471960757431085971e-16
1.370223462605818813e-16
1.276347064619566512e-16
1.189507527906379306e-16
1.107915823963778276e-16
1.031260246335478550e-16
9.606628600073471224e-17
8.944321001466973753e-17
8.334602727579447845e-17
7.763202959079409202e-17
7.229532916302326498e-17
6.730717466027422259e-17
6.265903036931106904e-17
5.838065671410574573e-17
5.434215629144619632e-17
5.062818901415547488e-17
4.712978761382954955e-17
4.387547762381706688e-17
4.085506826574122907e-17
3.804754164590813916e-17
3.544326521327347623e-17
3.299750135209077921e-17
3.070869353087678606e-17
2.858800757326254856e-17
2.662614640096820775e-17
2.479028326245063386e-17
2.307721067668973216e-17
2.147798183550267070e-17
2.000185972027592818e-17
1.861290549072000380e-17
1.733224777506262895e-17
1.612953809328661720e-17
1.501250734826284316e-17
1.397417074246910468e-17
1.301050816850153308e-17
1.210873665330047758e-17
1.126694346419456269e-17
1.048665198925047147e-17
9.759175510598015062e-18
9.080950001522032592e-18
8.449719834765638583e-18
7.862175008350574470e-18
7.316037266736433801e-18
6.805306200290163422e-18
6.331338889637449353e-18
5.891386165298779207e-18
5.481070347948301407e-18
5.098618165064742941e-18
4.740741146626918968e-18
4.409608992424223846e-18
4.101749794073448734e-18
3.814282829227032643e-18
3.547434209126261435e-18
3.298689855502866845e-18
3.067035108823915955e-18
2.852413277283049476e-18
2.651899717108814575e-18
2.464849593288241906e-18
2.291873737544016711e-18
2.130090109778934169e-18
1.980069532685843231e-18
1.840541206148815637e-18
1.711718433278713875e-18
1.589873193287180671e-18
1.475708358388059136e-18
1.372393227695441635e-18
1.275521768678742543e-18
1.184912224127039157e-18
1.100241347391697520e-18
1.021286977336229281e-18
9.497662702896423566e-19
8.811222573114425101e-19
8.189774028280430529e-19
7.595537697091462521e-19
7.057697947474975273e-19
6.544986400021649233e-19
6.080918826157531998e-19
5.639645516036598068e-19
5.230868237137534085e-19
4.852639972348038863e-19
4.502444656635121112e-19
4.178558640564347697e-19
3.872564156954346214e-19
3.590327511618041649e-19
3.329720645501907935e-19
3.089290965710888932e-19
2.863069570658235714e-19
2.651018130719556166e-19
2.459271430642917161e-19
2.276467159099475446e-19
2.108445448605398068e-19
1.954093959150848605e-19
1.809801841067408732e-19
1.675314057278236759e-19
1.551846620854386982e-19
1.435240757935376668e-19
1.328392286788720402e-19
1.229175966585374688e-19
1.137028568634939161e-19
1.052744023833979411e-19
9.734860481409710821e-20
9.001752480020526798e-20
8.315105832528577648e-20
7.689042658817352677e-20
7.103608197326293275e-20
6.569188173779085604e-20
6.063089670556492213e-20
5.596086323865440269e-20
5.164566935187794503e-20
4.762585009417380673e-20
4.391696268788835951e-20
4.043633032984654411e-20
3.723248481358774247e-20
3.426176300039658914e-20
3.150607021859652707e-20
2.895691718038344210e-20
2.659738809639321801e-20
2.440188583275180304e-20
2.239109700906803467e-20
2.051008744711432504e-20
1.879098563843478568e-20
1.719932197424313139e-20
1.572584084189899259e-20
1.436639264577419796e-20
1.311207447751788632e-20
1.196576444595883008e-20
1.090382827001808829e-20
9.930008071814527986e-21
9.036725058574132019e-21
8.215140692479390394e-21
7.459983233516067158e-21
6.772256956186243294e-21
6.142425366269043884e-21
5.567808586088982172e-21
5.043858915817918111e-21
4.567906318987174826e-21
4.133805090312074543e-21
3.741497243120577990e-21
3.385666407941403383e-21
3.064449107658861980e-21
2.775016536858553730e-21
2.515512469448932148e-21
2.283366305752613225e-21
2.076017017478192889e-21
1.891500541351780438e-21
1.729018170119896695e-21
1.585499440373201418e-21
1.460517427181502402e-21
1.344374503952403111e-21
1.236655637184803922e-21
1.139992141028932605e-21
1.047442514656678777e-21
9.645299440006841242e-22
8.878382363152558156e-22
8.169483748474198012e-22
7.515612041383910075e-22
6.929118798463306267e-22
6.372588046345579707e-22
5.860606837857675363e-22
5.401898155009059897e-22
4.968541879770189548e-22
4.570821910537012938e-22
4.205904141022979436e-22
3.871223576426761379e-22
3.564349874867074784e-22
3.282995591273466709e-22
3.019683218845198156e-22
2.783798728344054939e-22
2.563225726855374567e-22
2.357581501179135550e-22
2.169991347024070425e-22
1.998699272451603217e-22
1.842300259860106972e-22
1.696823843514861116e-22
1.561912327214535652e-22
1.438964418496204060e-22
1.325115876158325704e-22
1.221393662256742853e-22
1.125444493327824098e-22
1.036732060768461593e-22
9.548866570961024446e-23
8.804206539948431995e-23
8.107904737127054857e-23
7.474944548663963542e-23
6.891855855751808361e-23
6.354478901828778174e-23
5.853928995354418177e-23
5.399107290248956445e-23
4.975901076354199055e-23
4.586883158577047369e-23
4.226031615126744293e-23
3.898723726238110623e-23
3.592242774303399721e-23
3.314389083428545957e-23
3.054729379058307768e-23
2.817100460697851826e-23
2.597687890567965269e-23
2.396936057006782980e-23
2.210039330193960374e-23
2.039217640209967976e-23
1.880466818201100312e-23
1.734286080036221866e-23
1.599817538524240760e-23
1.476072725753978541e-23
1.361439185920523393e-23
1.256082046809989942e-23
1.158620617048808398e-23
1.068506562489463407e-23
9.858572685656253545e-24
9.090026795447245392e-24
8.385891174094548195e-24
7.732186400895839065e-24
7.133657371962278060e-24
6.575426524832774613e-24
6.064850746488772423e-24
5.592153709743877251e-24
5.155108956115866959e-24
4.751259739522743609e-24
4.378466369542144918e-24
4.034479314466399852e-24
3.717312515405678336e-24
3.423581464860193920e-24
3.153136723693867479e-24
2.903056603413782283e-24
2.672041733851831794e-24
2.458788773582959394e-24
2.262079612123584161e-24
2.080007520521835739e-24
1.912330350410246282e-24
1.757386903092975161e-24
1.614343059329019333e-24
1.482395962344246308e-24
1.362071785533064517e-24
1.250059463423612755e-24
1.146032166219949186e-24
1.049636421408409860e-24
9.632057926478435627e-25
8.806132851773857178e-25
8.066738110472640094e-25
7.383461652763447880e-25
6.752939956124092037e-25
6.171989685640163476e-25
5.637319316734490468e-25
5.158460014618916545e-25
4.705833320903760752e-25
4.290673700956556634e-25
3.910142613857115488e-25
3.561689100887859903e-25
3.242777387791961849e-25
2.944749924925305353e-25
2.678860610910619741e-25
2.430890329247750845e-25
2.205103184219106102e-25
1.999628295312323473e-25
1.809058156801073989e-25
1.636199577354374509e-25
1.479395657104202670e-25
1.334683427093566663e-25
1.201536343314424141e-25
1.081415920454073903e-25
9.730181922656363472e-26
8.736627489921089949e-26
7.828264853708037955e-26
7.012341925364131569e-26
6.268442666069899502e-26
5.592063654764820941e-26
4.978398268796302969e-26
4.423043911845706536e-26
3.927902887970934137e-26
3.475179682766477445e-26
3.068061427874704782e-26
2.707121283964930489e-26
2.379471883174654312e-26
2.086727824452407231e-26
1.822843505546168496e-26
1.588972847930575662e-26
1.382194779251073790e-26
1.197904177172747746e-26
1.035880468293607462e-26
8.923647761130943082e-27
7.668998778543414474e-27
6.554610289052348649e-27
5.587632235279271004e-27
4.743203451947844029e-27
4.008791611415353493e-27
3.372707194438108100e-27
2.819878546949003672e-27
2.349499092243386898e-27
1.944454278702305254e-27
1.597924789297639153e-27
1.305485044549873137e-27
1.059912577696864722e-27
8.521595676310635372e-28
6.801862518840603559e-28
5.378617334194018586e-28
4.210324476167996994e-28
3.260124063928025188e-28
2.490218326884109199e-28
1.877518729511020671e-28
1.395247734350715990e-28
1.018614863723979686e-28
7.289593064238129556e-29
5.101742948253107391e-29
3.480507200600198519e-29
2.306307654289862479e-29
1.476916161030564303e-29
9.064062067674379410e-30
5.298045873055682031e-30
2.909143562612742594e-30
1.476579230125550136e-30
6.760065334504034588e-31
2.699218604531300465e-31
8.730783323368776986e-32
2.106809755195939273e-32
2.740435654442079044e-33
1.999792644385101040e-34
0.000000000000000000e+00
