4.239066611120300333e-08
3.948671649381763765e-08
3.681902779866072108e-08
3.434651902792675433e-08
3.200423565338401549e-08
2.983226871027504898e-08
2.784605921704354269e-08
2.594222064975052231e-08
2.420607061703630204e-08
2.258906217316996136e-08
2.107254881901992426e-08
1.962315753709294787e-08
1.830570261873056837e-08
1.704816976982640941e-08
1.593343359566026678e-08
1.484184439680791814e-08
1.385050160288044409e-08
1.288592725375995561e-08
1.203039183000202612e-08
1.119955546388057452e-08
1.044600810116302154e-08
9.731900521989417461e-09
9.083593773605431001e-09
8.457975289141766298e-09
7.879822574497043771e-09
7.344743591330797203e-09
6.841069872326071043e-09
6.375639272158385506e-09
5.938164107917772989e-09
5.534460824046705972e-09
5.155331264158189842e-09
4.800576585550224381e-09
4.473024302435199098e-09
4.162691575777624543e-09
3.876380499658224648e-09
3.609845657152580462e-09
3.360351386536378954e-09
3.128769958888651796e-09
2.914834930959380405e-09
2.711576025445468433e-09
2.524016474153705156e-09
2.348724634146839093e-09
2.186864318942982132e-09
2.034281496426497235e-09
1.893458712433693199e-09
1.762548825372916508e-09
1.640383588619387935e-09
1.525988621444866646e-09
1.420445807063351392e-09
1.321841965513771829e-09
1.230039220848957242e-09
1.144513423104865799e-09
1.064995880901042044e-09
9.910656700865895934e-10
9.224034928621175824e-10
8.586516585067268009e-10
7.990357210706940276e-10
7.437790904248721910e-10
6.925720400331033617e-10
6.444480423964205463e-10
5.999327727056879824e-10
5.587502586193450631e-10
5.201444988478766959e-10
4.842451816057737647e-10
4.508823486726833168e-10
4.198918149386894291e-10
3.911163036644700315e-10
3.641013580968755518e-10
3.392037352437743334e-10
3.158670285489294434e-10
2.942571138910972278e-10
2.741422834393200201e-10
2.553381494265407024e-10
2.379499992213638158e-10
2.216379018685998399e-10
2.065698422119593869e-10
1.924570865452339148e-10
1.793724774419439624e-10
1.671388302168211902e-10
1.557615629489311270e-10
1.451856070633718274e-10
1.353199867578291011e-10
1.261596212258534863e-10
1.175928989483225416e-10
1.096480781918045009e-10
1.021769047332149363e-10
9.530611944275275956e-11
8.885329086623074434e-11
8.280411729804760458e-11
7.731662486907303298e-11
7.200902599036976812e-11
6.719839368426563989e-11
6.269636199193252766e-11
5.848806361985269977e-11
5.455834741965547155e-11
5.089202596259207320e-11
4.747404574539740190e-11
4.428964518772650578e-11
4.132446582779566481e-11
3.856463974624158716e-11
3.599685830411778666e-11
3.360840804854374637e-11
3.133803395228601961e-11
2.927711696188754124e-11
2.732022140864517567e-11
2.550517108748908901e-11
2.378800422231979591e-11
2.219841286189969241e-11
2.072638285952231258e-11
1.936267797474736790e-11
1.807608397430777840e-11
1.686498645004737061e-11
1.574596144305029720e-11
1.471130849673177970e-11
1.372312303536286169e-11
1.282553044863176656e-11
1.196981689192796871e-11
1.118043230541055887e-11
1.044103995580958114e-11
9.749237124623392223e-12
9.102591497782685366e-12
8.498661377828080476e-12
7.935037105652714840e-12
7.409350989654526699e-12
6.919306398956893612e-12
6.462680301540700485e-12
6.037342818000359908e-12
5.636813994412163506e-12
5.264403763428377977e-12
4.918159349047457647e-12
4.592912150196039881e-12
4.287846530755535389e-12
4.004844488281442829e-12
3.739742076665062433e-12
3.493956346657610028e-12
3.261858925642824130e-12
3.046959438541305536e-12
2.846172370237936093e-12
2.657145535297177731e-12
2.480933216373027900e-12
2.318022109742296826e-12
2.163795854474974167e-12
2.021373823923051319e-12
1.886846924828475158e-12
1.761834025524248409e-12
1.645661990494817115e-12
1.536251416534640939e-12
1.434723112582106510e-12
1.339292000462125154e-12
1.250825807917415003e-12
1.167798101620441414e-12
1.089981821904017064e-12
1.017547646270611474e-12
9.501394278132254101e-13
8.870817111422719541e-13
8.278397993839582690e-13
7.728292479461835645e-13
7.214897844447317347e-13
6.733738213500536061e-13
6.285431199610231620e-13
5.865987808108117736e-13
5.473931542534430387e-13
5.109361014215340279e-13
4.767527765171097771e-13
4.448733022148479214e-13
4.151584058316961263e-13
3.873666354209468324e-13
3.613980818552926020e-13
3.371534654809915243e-13
3.148565040203147023e-13
2.933724313577425779e-13
2.738595883770383590e-13
2.554877888903976528e-13
2.382237250625085286e-13
2.220288883366120347e-13
2.073126615134525455e-13
1.930834318323420759e-13
1.801646821647645829e-13
1.680665097213496093e-13
1.567497440216534459e-13
1.461746601359197912e-13
1.360474817343908335e-13
1.268599885830410152e-13
1.182941469530470602e-13
1.103125348329305222e-13
1.027063488207926312e-13
9.580173418379260937e-14
8.923329726827461287e-14
8.313784614613760222e-14
7.748171959780008270e-14
7.223335643425934583e-14
6.726661086158975798e-14
6.266820702174977917e-14
5.840987067832105643e-14
5.439320651456783362e-14
5.067949056099763310e-14
4.718498756141033699e-14
4.395779575404078899e-14
4.092689646354215816e-14
3.808569924311502527e-14
3.546699336173375008e-14
3.301509660220058134e-14
3.075578616025887365e-14
2.861218393299953977e-14
2.664018052747130758e-14
2.479964881806238958e-14
2.308349819801859836e-14
2.146442364927447314e-14
1.997796500290114406e-14
1.859504566199386476e-14
1.729405428297389544e-14
1.610036366009620603e-14
1.496652136292740585e-14
1.392754591421400702e-14
1.295384476277170362e-14
1.205213511140641468e-14
1.120872410663855766e-14
1.042100155131733543e-14
9.693099464126371818e-15
9.014099652333835074e-15
8.381398373904936002e-15
7.792404713010880235e-15
7.244552269886953212e-15
6.735338714580042542e-15
6.262328644243425185e-15
5.819757837405868109e-15
5.409447792938889445e-15
5.029165530163897340e-15
4.674254114377859152e-15
4.343442137557639148e-15
4.037513967404816914e-15
3.752706940979545106e-15
3.487800781406400798e-15
3.240059456107243723e-15
3.011541816245436332e-15
2.798160234465468690e-15
2.600332025563598343e-15
2.415957616644940600e-15
2.245250289374533779e-15
2.086379764836437813e-15
1.938659512992114231e-15
1.800725272049281599e-15
1.673366660886809053e-15
1.554621926905307399e-15
1.444554226651765284e-15
1.342104393700338695e-15
1.246837840808091319e-15
1.158703169636402664e-15
1.076490131138530839e-15
1.000209520306654318e-15
9.291906523340854913e-16
8.633912625876370065e-16
8.022184764130131026e-16
7.453927324508476254e-16
6.932008657100152884e-16
6.435318365953923850e-16
5.986216765052388513e-16
5.551456729990351326e-16
5.158928492758677618e-16
4.803559999528416092e-16
4.460563396605761900e-16
4.141159472116310600e-16
3.852392582993129768e-16
3.575557766038661474e-16
3.325383719052006258e-16
3.092532261681922714e-16
2.875985508483008290e-16
2.669718270824640025e-16
2.483299871347124718e-16
2.306133275004650893e-16
2.145936942548158851e-16
1.993962453057387781e-16
1.853408479447342789e-16
1.723421779549795783e-16
1.603204752999276261e-16
1.489766179638609355e-16
1.385089910017695735e-16
1.288470249781872135e-16
1.197594383495794553e-16
1.113841692892020938e-16
1.036614517598551280e-16
9.641351130862766830e-17
8.962540602826148209e-17
8.338042896535310595e-17
7.753958713832179402e-17
7.216777654923401285e-17
6.714841992137395504e-17
6.246472313750840866e-17
5.809941270962011796e-17
5.403506160904998012e-17
5.030426923278511804e-17
4.678525192292627939e-17
4.355746958672817660e-17
4.051901227760121121e-17
3.769955891348146996e-17
3.508423585262423941e-17
3.265891114175477060e-17
3.041020237434100721e-17
2.830296386542866208e-17
2.633171078344855327e-17
2.450894137835564043e-17
2.282314468236710199e-17
2.124852991901745906e-17
1.977949329702092863e-17
1.841037343062367865e-17
1.714674404685019794e-17
1.595949949113389517e-17
1.486480193666131044e-17
1.383806236638333091e-17
1.288435612986163095e-17
1.199880750849496407e-17
1.117676789010366320e-17
1.040820920166627387e-17
9.690550878130548069e-18
9.025779501916021565e-18
8.405759793833263804e-18
7.827990149783157601e-18
7.289998153923565896e-18
6.789370768815644040e-18
6.323765138265693453e-18
5.888368563470844949e-18
5.484056865047931909e-18
5.108703734023185948e-18
4.758389489507803067e-18
4.431748263462522271e-18
4.125860276395558109e-18
3.842674731256089400e-18
3.579173726529872265e-18
3.332943990872752112e-18
3.104171989798879688e-18
2.890724179095629598e-18
2.691753910039859982e-18
2.507212060509997081e-18
2.334630841924552173e-18
2.173435803359669249e-18
2.024215152011987642e-18
1.884454668225818451e-18
1.754715840044707530e-18
1.633866123494372489e-18
1.522164414858943032e-18
1.416338006965491244e-18
1.317064361212500919e-18
1.227066058853622496e-18
1.142579883999354474e-18
1.063407485418418327e-18
9.893309356669861810e-19
9.201194479018966557e-19
8.573436477825093432e-19
7.969695966277858069e-19
7.422386668940062467e-19
6.897928386505033938e-19
6.422590146812523858e-19
5.968459651870327033e-19
5.556834780771805831e-19
5.164536388099712971e-19
4.800594846149881718e-19
4.463056248386818297e-19
4.150071331921243397e-19
3.859899233056439249e-19
3.585339718054606415e-19
3.331461974794105579e-19
3.096677730617529957e-19
2.879517016719373163e-19
2.674869326506869281e-19
2.482531634568799821e-19
2.308332312382833351e-19
2.141807176334588312e-19
1.988495734866193015e-19
1.847266215347823385e-19
1.715024661706741379e-19
1.591416350711883800e-19
1.477748028645698781e-19
1.370081959818916485e-19
1.271257390844763103e-19
1.179216369396591135e-19
1.093587310966932352e-19
1.015024750825096188e-19
9.410218817208499346e-20
8.723565451342770891e-20
8.079304718149618482e-20
7.489997622750067025e-20
6.937971650002460207e-20
6.432373576789141790e-20
5.952669352009590303e-20
5.508484587263332662e-20
5.097260420038320505e-20
4.712832502797658096e-20
4.357445557631746852e-20
4.022729849419203279e-20
3.714009747298312956e-20
3.426705694372944883e-20
3.159651593750163915e-20
2.911694369767748438e-20
2.681703469587710858e-20
2.466892425232025134e-20
2.269736090690318116e-20
2.084599440224775292e-20
1.915032348299992819e-20
1.757429995061565718e-20
1.611210840209765998e-20
1.475781837739853358e-20
1.350548623123448546e-20
1.235651341527052361e-20
1.128974757489213423e-20
1.030766284022316414e-20
9.404792930191852262e-21
8.571148269683332748e-21
7.803195070405714958e-21
7.101104772126006983e-21
6.456703517122618173e-21
5.866551058121609871e-21
5.327272461782228929e-21
4.835568916744812618e-21
4.386160416665208791e-21
3.978551212972824125e-21
3.608099159805523580e-21
3.272524425110321751e-21
2.969583076822839642e-21
2.697077161694462977e-21
2.452878887176279286e-21
2.234099792514248552e-21
2.039114696596554535e-21
1.866935496038917459e-21
1.714658668893546885e-21
1.581700276727229813e-21
1.457905306676470302e-21
1.342710525081212795e-21
1.239129252735024424e-21
1.139648130242792993e-21
1.050344943679250889e-21
9.675036072954516441e-22
8.907794819709866969e-22
8.198220198229848700e-22
7.560576105683824998e-22
6.954058628094377633e-22
6.395080178134443226e-22
5.893202691095666147e-22
5.418273772730801093e-22
4.981599980096328849e-22
4.580323794670760113e-22
4.211746353887850845e-22
3.873332771387810055e-22
3.562708618862350213e-22
3.271666231897044020e-22
3.010740650575358499e-22
2.766527958003634879e-22
2.538758629111809599e-22
2.330849947678587584e-22
2.141014779977286094e-22
1.967624968687739772e-22
1.806424590137715081e-22
1.656931707161956490e-22
1.520826745192657777e-22
1.394844196571764312e-22
1.280233780695764027e-22
1.174298324969005961e-22
1.076544828533616755e-22
9.864750347095428309e-23
9.047302772908662819e-23
8.284315539144932290e-23
7.592850695083065655e-23
6.957352570114881634e-23
6.373785601708066417e-23
5.831807766283597301e-23
5.341415709619563488e-23
4.886729306190785159e-23
4.470791962490205324e-23
4.086570926964387716e-23
3.739916756051296555e-23
3.416850691994072869e-23
3.125689908339697916e-23
2.855048264989608182e-23
2.608981955630206141e-23
2.383140671744238406e-23
2.177969262346435061e-23
1.988223251055494701e-23
1.816129635205365195e-23
1.657358698077239851e-23
1.512372070131740501e-23
1.380057336190191875e-23
1.259371535640767124e-23
1.148524595273135823e-23
1.047607846652800955e-23
9.551062432180895731e-24
8.704331196273855997e-24
7.935294922333228361e-24
7.227700946498913482e-24
6.586094232609210485e-24
5.997008524744349179e-24
5.463492728334062869e-24
4.971624970054441020e-24
4.526870083207007769e-24
4.120024459692692406e-24
3.748328677951090027e-24
3.409121705275549586e-24
3.099867998865220959e-24
2.818159700243671563e-24
2.561733019497245353e-24
2.327375518691293618e-24
2.114441584678255972e-24
1.920193364187736292e-24
1.743184867947213524e-24
1.582038018637355794e-24
1.435454170210903919e-24
1.301684760317138905e-24
1.180237315014246134e-24
1.069616546896323136e-24
9.689646627792183251e-25
8.774679916703174490e-25
7.952420543826175064e-25
7.197998189421391388e-25
6.507631061111867717e-25
5.877352768558576724e-25
5.320567648460668155e-25
4.796362592659659056e-25
4.334112201657320618e-25
3.913232119950634686e-25
3.530639684614744943e-25
3.183350198226671636e-25
2.868518423539258627e-25
2.590679921845760297e-25
2.331947031188328708e-25
2.098143383868414462e-25
1.887041123446235596e-25
1.696572726659945124e-25
1.524832173671402119e-25
1.366693557000282959e-25
1.227693674734524744e-25
1.099933012334932153e-25
9.853097971854082389e-26
8.824915024867157368e-26
7.885161984341581955e-26
7.044911145278038036e-26
6.293611685564656277e-26
5.609962947805991314e-26
4.989946020180873633e-26
4.438402855452639208e-26
3.947643976892921870e-26
3.503946708226982003e-26
3.103908139245141332e-26
2.749414780606708984e-26
2.430588959936902197e-26
2.144538114413206617e-26
1.888484506362313141e-26
1.659787926995012147e-26
1.458556518861500054e-26
1.276908901416500377e-26
1.115668251836496850e-26
9.745014634439739305e-27
8.479587124639006821e-27
7.362825694220555001e-27
6.368538851060569205e-27
5.497832188982977098e-27
4.737071390115264089e-27
4.066870343758707631e-27
3.484413731071869513e-27
2.974296558623607364e-27
2.533308153051421097e-27
2.145920146118947335e-27
1.813429132205500774e-27
1.526177041418360371e-27
1.278974847871502161e-27
1.067095168211352729e-27
8.848278488637720306e-28
7.313141593047018044e-28
6.004237379106017832e-28
4.895462123454899559e-28
3.968702484280424386e-28
3.197883813546740423e-28
2.551782307844610048e-28
2.021916405685588802e-28
1.587295512244563706e-28
1.233729044097562843e-28
9.486267805662109775e-29
7.196272615380184087e-29
5.388958834088540297e-29
3.978295619762100058e-29
2.885400211660089067e-29
2.051683565721966719e-29
1.426814434984222662e-29
9.673700129401747743e-30
6.371023976935149019e-30
4.055433790234198847e-30
2.474246969637765863e-30
1.437769447056819590e-30
7.850399740291506972e-31
3.961384416130299672e-31
1.804004489669337791e-31
7.158676736377621024e-32
2.304481070093935508e-32
5.514422954581658366e-33
7.135520981903761825e-34
5.174631409755785175e-35
0.000000000000000000e+00
