2.789424150521332307e-08
2.600343345887803158e-08
2.428671513952335591e-08
2.267507169817428425e-08
2.116885458122558004e-08
1.975152738381013850e-08
1.847545449789969838e-08
1.723139770721421928e-08
1.611663355185250355e-08
1.505796461033759065e-08
1.408467492249764076e-08
1.313412321378626681e-08
1.228886800543712699e-08
1.146218562912480266e-08
1.074734129034727688e-08
1.002778992174008632e-08
9.391811180617934048e-09
8.754147529411960990e-09
8.205117442052797648e-09
7.653839178625080835e-09
7.169764760696342116e-09
6.693933347383969861e-09
6.277040312202935004e-09
5.858338246035878897e-09
5.485712945714349723e-09
5.125658630571062083e-09
4.800253339507772769e-09
4.485285874534168953e-09
4.201795301057732660e-09
3.926865699511033254e-09
3.680274053736241442e-09
3.437070504804777598e-09
3.223070449054079115e-09
3.008745272691726982e-09
2.820610462653513333e-09
2.634958836029490843e-09
2.469920122188901678e-09
2.307177598547400481e-09
2.164630572706497798e-09
2.020470183940246443e-09
1.894352252890903671e-09
1.768733084039567976e-09
1.658821634774415036e-09
1.548305380227624489e-09
1.451593301766414178e-09
1.355670577478965284e-09
1.270732057477551693e-09
1.185942636543189799e-09
1.111573949435745504e-09
1.037593962213778089e-09
9.719618487500771468e-10
9.070077714294866400e-10
8.492872630847680203e-10
7.924466718681780475e-10
7.418200578231935545e-10
6.922086402911601019e-10
6.475454063155459842e-10
6.040446711987279488e-10
5.650797770500803019e-10
5.267810636189183661e-10
4.923839799455830513e-10
4.592675399616106085e-10
4.290011274082530296e-10
3.998671386236464382e-10
3.733541998132926209e-10
3.479942126020573408e-10
3.248430363228944572e-10
3.025791665282581673e-10
2.823260061178302019e-10
2.629779952052476198e-10
2.452324207698529285e-10
2.284764332952398615e-10
2.129156146968664121e-10
1.983810571489117425e-10
1.848036058162852524e-10
1.721808081811416406e-10
1.603876493422484161e-10
1.494151951292555895e-10
1.391703528653127524e-10
1.296294881224823758e-10
1.207678544894263562e-10
1.125009999622609264e-10
1.048303395538040990e-10
9.766094367708691668e-11
9.101676321266121928e-11
8.477318583127217596e-11
7.903541209774737108e-11
7.365040136089016846e-11
6.860570052679423379e-11
6.403244383095951514e-11
5.961199084956184511e-11
5.560800479440368461e-11
5.186318686476618071e-11
4.836481789163797373e-11
4.509996466874549138e-11
4.205570154515240163e-11
3.921923550814278153e-11
3.657805268094835187e-11
3.411999417569405773e-11
3.183334105910041123e-11
2.970685778752698438e-11
2.772982997698750860e-11
2.585141010210188175e-11
2.414704741581486643e-11
2.252939800914286625e-11
2.102962201936586420e-11
1.961128724830197164e-11
1.829882544402768135e-11
1.708386430151645989e-11
1.595869226648486810e-11
1.489748322553373051e-11
1.389885108637136023e-11
1.297640407021765635e-11
1.212373471562060952e-11
1.130956313820075074e-11
1.057020221819408394e-11
9.865486724405431955e-12
9.215521966009256615e-12
8.606826041930106453e-12
8.037396588796442953e-12
7.505209786102773567e-12
7.008236798774500625e-12
6.544477963112551108e-12
6.111970359955049663e-12
5.708812067302870105e-12
5.333163446467153446e-12
4.983263658214971789e-12
4.653774612040182604e-12
4.347413429442361675e-12
4.062568797265147670e-12
3.794985126329110599e-12
3.543988259335451672e-12
3.311124862511971209e-12
3.092967514466956005e-12
2.890682023103764697e-12
2.699635922878043900e-12
2.522718557962357726e-12
2.357390946004040769e-12
2.201717253644915693e-12
2.056566990152881182e-12
1.922343445235048334e-12
1.795245048788544535e-12
1.677844603471937017e-12
1.566922110635851311e-12
1.463814606213169898e-12
1.367969836686637285e-12
1.277674760389086038e-12
1.193856852931049396e-12
1.115045119657068154e-12
1.041958837693253373e-12
9.733397001146796245e-13
9.090023416515245791e-13
8.490904306157876557e-13
7.933122102548440501e-13
7.411112830057631397e-13
6.920472229177953330e-13
6.464665059472027957e-13
6.039074599668834187e-13
5.640011479609220171e-13
5.268009702436290772e-13
4.919779819830975378e-13
4.594116018272543657e-13
4.291120085425686535e-13
4.006864845329268960e-13
3.741617835499288022e-13
3.494238572961077084e-13
3.262733497728008875e-13
3.046285911295679858e-13
2.844083554624569667e-13
2.658009478609093016e-13
2.478605155428212024e-13
2.315555724398187468e-13
2.161940385753836617e-13
2.017490275841636964e-13
1.881893481912795795e-13
1.758591488642510891e-13
1.639285842469176201e-13
1.530889874318679422e-13
1.429305737557958894e-13
1.334212876357158947e-13
1.245285825793008421e-13
1.160059727467659450e-13
1.082681287774156047e-13
1.010482173946811667e-13
9.431542292709120910e-14
8.789412472325292831e-14
8.206034310234559034e-14
7.650602217595593324e-14
7.134732637373280808e-14
6.655637759193301196e-14
6.210702667198295057e-14
5.789276305613854270e-14
5.398760000746082111e-14
5.036803257866372175e-14
4.695082657454297971e-14
4.378848452776972171e-14
4.081007942405034636e-14
3.805695410369285365e-14
3.546886773904245976e-14
3.304045957903711613e-14
3.080007315008100634e-14
2.870037529379286889e-14
2.676372468509524875e-14
2.492445597139908610e-14
2.323074590489891202e-14
2.164838270049010869e-14
2.017147464941480280e-14
1.877669243227768497e-14
1.749484404552976208e-14
1.630106274445593621e-14
1.517684421471934769e-14
1.414427606543186138e-14
1.316245273445962893e-14
1.226182844982831250e-14
1.141689690018504819e-14
1.063360668058940398e-14
9.900179374867830289e-15
9.214443616385501690e-15
8.580102157543173505e-15
7.987740656011641324e-15
7.435173383512907128e-15
6.920219834944177338e-15
6.440714663146372153e-15
5.994542424044621736e-15
5.579639687762110611e-15
5.191012167523232664e-15
4.830317807452165808e-15
4.495654299991355275e-15
4.182975830718268054e-15
3.891208766885888550e-15
3.621092018860392079e-15
3.369348499938199539e-15
3.134938494514456400e-15
2.915476190302065580e-15
2.712820487741910589e-15
2.523380299432287512e-15
2.347555366929957154e-15
2.183508010180270316e-15
2.031454197731695488e-15
1.889788819133027767e-15
1.757921721308197091e-15
1.634655183746349251e-15
1.520714700911063896e-15
1.414364186727350390e-15
1.315676990060398408e-15
1.223719417470180269e-15
1.138115764644315847e-15
1.058833979760989309e-15
9.847982429199955306e-16
9.160297365048735286e-16
8.519348453446424197e-16
7.924856995974054981e-16
7.371564254371242795e-16
6.857029466056644882e-16
6.383941265693243395e-16
5.933231333163047581e-16
5.525262239079804566e-16
5.129889484447408768e-16
4.772529968933462100e-16
4.448654197482526979e-16
4.135717804707143456e-16
3.843986369894901376e-16
3.579951210602844153e-16
3.326550746483486510e-16
3.097304084814286379e-16
2.883700870082927170e-16
2.684839780135988378e-16
2.495211153712163037e-16
2.323642042969256231e-16
2.160409084347146951e-16
2.012649728313369705e-16
1.872320428968198032e-16
1.742392792879483647e-16
1.622100756256213150e-16
1.510727019792072083e-16
1.405516311097055384e-16
1.308323612200611182e-16
1.218511416866622341e-16
1.133943521898232791e-16
1.055916412421577797e-16
9.838879172853216164e-17
9.162113759081066244e-17
8.527561664385721225e-17
7.943113216304148763e-17
7.395860301708452120e-17
6.891975338485665061e-17
6.420610525946626008e-17
5.980258445204287616e-17
5.569361962016208155e-17
5.186345737044494194e-17
4.834351573599627499e-17
4.501947857291305031e-17
4.196693629990701178e-17
3.909003728475312381e-17
3.641730333949895359e-17
3.393510701810745644e-17
3.163047336718571821e-17
2.949109993121477897e-17
2.748389314295194148e-17
2.560392141374785075e-17
2.386342089964532440e-17
2.225173555660774376e-17
2.074448942909705605e-17
1.933655785851660845e-17
1.802274486570236892e-17
1.680864017477957591e-17
1.566648761567367718e-17
1.461203060623959616e-17
1.362177259226209590e-17
1.270076972808215763e-17
1.184448319679986277e-17
1.104857714059222376e-17
1.030348133455731269e-17
9.606815219835842791e-18
8.960634229363263660e-18
8.357150824230169785e-18
7.794036164783805996e-18
7.268981143759238439e-18
6.779727579399185881e-18
6.324076924686050170e-18
5.897401356849043784e-18
5.500636466767238069e-18
5.131775053341814325e-18
4.787035162226383116e-18
4.465135729852611221e-18
4.163255998974191870e-18
3.883377869431765495e-18
3.622576969372017703e-18
3.378514571659146278e-18
3.151422630054845779e-18
2.939228810553448758e-18
2.741132412945436151e-18
2.557125792201318023e-18
2.384785757785240770e-18
2.223571152031774435e-18
2.074104471207336663e-18
1.933898684152016478e-18
1.803545543861908370e-18
1.681935480683859127e-18
1.569357642776579893e-18
1.462543220650361836e-18
1.362194070326828947e-18
1.271086261981286153e-18
1.185433000123501159e-18
1.105047777778270265e-18
1.029723850204228873e-18
9.592406741075765328e-19
8.952156468835861654e-19
8.335474144659477621e-19
7.775584728267811697e-19
7.238254924923546481e-19
6.750505450874212743e-19
6.283802731784735465e-19
5.860131060933529160e-19
5.455728739296901066e-19
5.079971355607477473e-19
4.730928106812755531e-19
4.406768128933491855e-19
4.105763787574655191e-19
3.820503034245378353e-19
3.556306860545739782e-19
3.311588253529918571e-19
3.084875729563003971e-19
2.870880465200478684e-19
2.669425491300370483e-19
2.486667261823373706e-19
2.311669418678619555e-19
2.150284289434075401e-19
2.001365228891852601e-19
1.861684814867247480e-19
1.730896049937399924e-19
1.610413235727427039e-19
1.496088643855354458e-19
1.390961476345035976e-19
1.292870722217069983e-19
1.201442859844758738e-19
1.117401562224963895e-19
1.038085701630747835e-19
9.643454143501595280e-20
8.950178208148256055e-20
8.314729055669897462e-20
7.718228823780193469e-20
7.170962954851051082e-20
6.651078599432512581e-20
6.169069525404495117e-20
5.722240102709902762e-20
5.303960665265438594e-20
4.916738357869311969e-20
4.551509813224707852e-20
4.214138449181861416e-20
3.899680739642938598e-20
3.606911640941928402e-20
3.334617912320474014e-20
3.081607123665603548e-20
2.844857343174991372e-20
2.627143383534184034e-20
2.422285351517905233e-20
2.234251999006594307e-20
2.059092150253264781e-20
1.896195137528135449e-20
1.744936702460003098e-20
1.604689355830725378e-20
1.475650400337153731e-20
1.355480539178234663e-20
1.244491211061920867e-20
1.142101173813930439e-20
1.047211067295274210e-20
9.594492983146995911e-21
8.788699068580502323e-21
8.045696358461017231e-21
7.361840314429857222e-21
6.733548941528010441e-21
6.157313101151205601e-21
5.627260997500855015e-21
5.143130520135739556e-21
4.699742245094679723e-21
4.294684667431421978e-21
3.925579853622159878e-21
3.590091132984343656e-21
3.285953422150324935e-21
3.009913463399817009e-21
2.760259679379975265e-21
2.536105967879862604e-21
2.334050871862268010e-21
2.154336616310505102e-21
1.986496902447313073e-21
1.830196024899094974e-21
1.689548427758914392e-21
1.554371004520831865e-21
1.432939099258243960e-21
1.320219437992644977e-21
1.215757104756794150e-21
1.119087666451488127e-21
1.032168304136606726e-21
9.494472539384203083e-22
8.731706482411245397e-22
8.046531348795594372e-22
7.397860032172295608e-22
6.801190684911052431e-22
6.252681195296463254e-22
5.748695099717191833e-22
5.285813961887251871e-22
4.860829305759225995e-22
4.462544392935559240e-22
4.105405347536610661e-22
3.771091937431274783e-22
3.459253909485573107e-22
3.174587551481177776e-22
2.914660772309265026e-22
2.677255937722728160e-22
2.456554912235706548e-22
2.251905477271767265e-22
2.065613108677142552e-22
1.893211421403274663e-22
1.736412330191923189e-22
1.591525926267729310e-22
1.457878159460652651e-22
1.334786679010317469e-22
1.223124866359568644e-22
1.118957039084449483e-22
1.024609209593826113e-22
9.379532581787961578e-23
8.584343276318970032e-23
7.846389433132979250e-23
7.179227147997262901e-23
6.561190671372437632e-23
5.996363880272912707e-23
5.475044040491348159e-23
5.005058983801606310e-23
4.567408865338885347e-23
4.173314883705069817e-23
3.807318327078729992e-23
3.474864155941764386e-23
3.170029061487513893e-23
2.893369747050076380e-23
2.637775294958493303e-23
2.406207922026726103e-23
2.192804234829648026e-23
1.998151953835079452e-23
1.820722486421306448e-23
1.659083791420093518e-23
1.510808432375841667e-23
1.375990091615946385e-23
1.252576922540232613e-23
1.139761753767565821e-23
1.037440463526016431e-23
9.434280901923152675e-24
8.583067401981521120e-24
7.802693726641224860e-24
7.097002769723454239e-24
6.447405492874409754e-24
5.860952676938654521e-24
5.325343658169775521e-24
4.836804453843867385e-24
4.391704815936177148e-24
3.986590541803318665e-24
3.618188782284106906e-24
3.283426911352170951e-24
2.978010721670929186e-24
2.701004429314165169e-24
2.448757655954822199e-24
2.219313062704337618e-24
2.010809421198749427e-24
1.821496768179417105e-24
1.649053611187484113e-24
1.492786539178254893e-24
1.350716569682616635e-24
1.221692793861589247e-24
1.104626278153433200e-24
9.996150554782246540e-25
9.034352811210104710e-25
8.155760061077288857e-25
7.355057452745926866e-25
6.648954724933015195e-25
5.985333980161510106e-25
5.401172003455203154e-25
4.870208837163808671e-25
4.388378922637294759e-25
3.951757708437508933e-25
3.556617314978524709e-25
3.208486339848993935e-25
2.884828040593503354e-25
2.592835586899210760e-25
2.329621032989376547e-25
2.092511112471124018e-25
1.879047054052362574e-25
1.682790836206568745e-25
1.510543747547670747e-25
1.352452594598492932e-25
1.210817647176135839e-25
1.083941329223563355e-25
9.681287486255531972e-26
8.647084065883868366e-26
7.723460993024822850e-26
6.883946447815436823e-26
6.123379476190215065e-26
5.447471829283371510e-26
4.846590196260913410e-26
4.303762816467930403e-26
3.814694794331912400e-26
3.381566591863176684e-26
2.992206930276396522e-26
2.642998901013681275e-26
2.330483895351479138e-26
2.051381648937713307e-26
1.805781693969907097e-26
1.584030011476695633e-26
1.387108708966155258e-26
1.214596553631106142e-26
1.059828811837434380e-26
9.230984440072654923e-27
8.011993615091133278e-27
6.942229568437831014e-27
6.005184142157461115e-27
5.177388548865215092e-27
4.455787572363686535e-27
3.821717144602386055e-27
3.271605897539687508e-27
2.786471291061677008e-27
2.368320449522407317e-27
2.005412994256330208e-27
1.691562071353978887e-27
1.421124839411844226e-27
1.187144176561986197e-27
9.888547088721463992e-28
8.186615947107650197e-28
6.734537333842227537e-28
5.511414098533612425e-28
4.485654379186313323e-28
3.618143018279880424e-28
2.899822868747080820e-28
2.304481796235449218e-28
1.814740484904915764e-28
1.415035477596103846e-28
1.089777777751555103e-28
8.294116240508077616e-29
6.230608610403502889e-29
4.605051676655500008e-29
3.342322145431842153e-29
2.376858700514136627e-29
1.651358316980037463e-29
1.117122652066199891e-29
7.324683647354692800e-30
4.618972887454506705e-30
2.785195938052208745e-30
1.586117356934432008e-30
8.399039750029879465e-31
4.048636799189199422e-31
1.717099469459739000e-31
6.019072995286795413e-32
1.587991387746454516e-32
2.393635815789009221e-33
2.135171288457328608e-34
0.000000000000000000e+00
