2.764483309801917883e-08
2.575103878284896179e-08
2.401132069156859142e-08
2.239888808385674647e-08
2.087138123157856072e-08
1.945494527657020372e-08
1.815964999165900461e-08
1.691807244012159120e-08
1.578585201778619206e-08
1.473132910862721292e-08
1.374234350372030127e-08
1.279713117850028962e-08
1.193796040640744000e-08
1.111786747292922552e-08
1.039089858307252066e-08
9.679024862222957401e-09
9.032526267245552008e-09
8.403484562118411683e-09
7.845551975327082384e-09
7.303726739249411681e-09
6.812305089513317397e-09
6.346603871502320111e-09
5.923814293051739273e-09
5.515820737568000979e-09
5.138781715355135314e-09
4.789832983455415726e-09
4.461365016917271168e-09
4.157837083985211854e-09
3.872540130447506685e-09
3.609267317643358238e-09
3.362020119919480641e-09
3.130668863132627892e-09
2.917057494681003136e-09
2.714675762561096874e-09
2.527959613947823021e-09
2.354140424210484261e-09
2.191434147031364411e-09
2.040409629060166688e-09
1.900893110838675980e-09
1.768338965454932335e-09
1.646023065115025641e-09
1.531707483290426477e-09
1.426151194383212084e-09
1.326645169848765282e-09
1.234808387910332354e-09
1.149436245628300787e-09
1.069766877575158577e-09
9.951648468711103369e-10
9.263356975338907703e-10
8.620317600748551436e-10
8.021631194750283672e-10
7.463879543005065372e-10
6.945310389875279938e-10
6.463178702322775074e-10
6.015402197811679429e-10
5.599648216540416892e-10
5.210866253058715032e-10
4.850513262200915106e-10
4.516569379882871200e-10
4.202731451697077731e-10
3.912427638663013536e-10
3.643858202767101763e-10
3.392092924367191446e-10
3.157977557817549689e-10
2.940403730198776950e-10
2.738300717604601420e-10
2.550642848676769071e-10
2.374466409408490489e-10
2.212097970444633460e-10
2.059908957904932757e-10
1.918981121949005803e-10
1.787803393065104809e-10
1.665173296861288050e-10
1.551777458955743980e-10
1.445399038854290183e-10
1.347133540212188403e-10
1.255098002498228419e-10
1.169767464434879369e-10
1.089986426120601609e-10
1.015790221251517068e-10
9.468197232316633771e-11
8.824816385128014325e-11
8.227428329030948034e-11
7.668754381945133908e-11
7.150637390738962871e-11
6.663409040122231717e-11
6.215334664246940384e-11
5.794517099030771972e-11
5.400023666833496256e-11
5.042159952383502321e-11
4.696027894047650129e-11
4.382305229607043131e-11
4.088707779616395015e-11
3.814265981939460095e-11
3.557991763006335505e-11
3.318894683242782911e-11
3.095993036949222268e-11
2.888324156014166417e-11
2.694951661475054006e-11
2.514971164815768300e-11
2.347514750676186502e-11
2.191753318418778468e-11
2.043692156094830511e-11
1.909290620438420861e-11
1.781672783960631013e-11
1.663305304050695363e-11
1.551321238349712282e-11
1.447656937020761040e-11
1.351659333151439565e-11
1.262726090546427412e-11
1.178821590641280947e-11
1.099840550721375287e-11
1.026863967928852714e-11
9.593896613437290356e-12
8.949457055026739858e-12
8.364097127322214079e-12
7.806048372137944695e-12
7.291255679633982216e-12
6.809065141626151990e-12
6.357909838835921957e-12
5.936203551402732842e-12
5.542353940141270048e-12
5.174789559496571977e-12
4.831966332784520365e-12
4.512386525171095054e-12
4.214600398900849494e-12
3.937218965168279341e-12
3.676016358679503411e-12
3.433151133289220146e-12
3.207349797174988726e-12
2.995241676385882779e-12
2.796294858441265025e-12
2.611736677400386893e-12
2.438851639364138741e-12
2.278563865963589952e-12
2.127202845837068662e-12
1.987057361022397244e-12
1.856115210292185510e-12
1.732842429221093681e-12
1.617926562277789105e-12
1.511685005685925566e-12
1.411107225780012179e-12
1.318227504245078281e-12
1.230496548026846765e-12
1.148970092950655302e-12
1.073209157498001020e-12
1.001857670631692916e-12
9.356465615604201546e-13
8.734117016505866917e-13
8.157189746408214524e-13
7.615729256716925965e-13
7.108254790657331905e-13
6.635879411906464647e-13
6.196280528557762812e-13
5.785053196498926858e-13
5.398710420315623652e-13
5.039962221092264224e-13
4.705154814170106284e-13
4.391369282795479020e-13
4.099008399785114294e-13
3.825470764832060236e-13
3.569793489122705585e-13
3.332040881475561218e-13
3.109116261881431821e-13
2.901216073659168790e-13
2.707432057884981936e-13
2.526189599347491351e-13
2.356837146324877083e-13
2.198727252171568313e-13
2.053318879357517427e-13
1.913211714854725833e-13
1.785959813208655272e-13
1.666149162159641982e-13
1.553562546543942873e-13
1.447948834987105614e-13
1.351977794265166914e-13
1.259182677855396346e-13
1.174933782719283788e-13
1.096036235530028090e-13
1.022234588215312083e-13
9.532697768929919091e-14
8.872259558476453300e-14
8.273102390028146552e-14
7.714485873873271630e-14
7.193969554703105599e-14
6.697936436784090171e-14
6.247655899211785040e-14
5.819299001568286460e-14
5.421787604869383930e-14
5.052926511722413105e-14
4.710657477040905012e-14
4.386753974235390861e-14
4.086871669163353155e-14
3.809166673491664793e-14
3.547222192302191473e-14
3.305034307260282919e-14
3.077142271002359216e-14
2.866682782925458722e-14
2.669024400292505331e-14
2.483737330843727850e-14
2.312959908206213719e-14
2.153060848085158332e-14
2.005721195718657690e-14
1.865927389115874760e-14
1.737324302597859626e-14
1.617295068367981299e-14
1.505377276517962162e-14
1.399790245741266963e-14
1.302851686016115434e-14
1.212665383524159816e-14
1.127821966719572623e-14
1.049976108026157982e-14
9.760332240373113234e-15
9.082770279037694437e-15
8.447776581407218209e-15
7.859731733291970304e-15
7.309706017756484453e-15
6.795997209494905477e-15
6.321299981116695317e-15
5.878494094996620371e-15
5.465881535496216488e-15
5.081772651514688724e-15
4.724493779963749169e-15
4.392413040520297313e-15
4.083942198995053776e-15
3.795322150964084186e-15
3.527740776612125876e-15
3.279741850221731825e-15
3.048288378170865432e-15
2.832551218909664485e-15
2.633041893397501586e-15
2.447306602283754434e-15
2.274549548907291108e-15
2.112986445100166298e-15
1.963959959001532515e-15
1.824804367555431671e-15
1.695791820245470004e-15
1.575553092485651772e-15
1.464227274707284906e-15
1.360620760869330506e-15
1.264285834290895733e-15
1.174332799361850164e-15
1.091276601567129455e-15
1.013837895046787840e-15
9.420578669856636338e-16
8.752457879909071969e-16
8.131182444505221981e-16
7.556417172287408834e-16
7.020269492561775773e-16
6.522809804259137354e-16
6.059664274353704167e-16
5.630557276431073580e-16
5.231622411972512337e-16
4.861036537387860299e-16
4.520670230961072900e-16
4.196756467395254582e-16
3.903877398960588803e-16
3.620351101557100048e-16
3.364366032201003083e-16
3.132614479680643781e-16
2.908931185435905605e-16
2.700633722966257703e-16
2.512316029795273430e-16
2.331779769988705325e-16
2.168630180495156863e-16
2.016777419825181597e-16
1.875557679743795900e-16
1.741041667570374115e-16
1.619469962930590576e-16
1.503931769367348584e-16
1.399460637395602443e-16
1.300351333802518488e-16
1.208689855034542987e-16
1.123919764038504845e-16
1.045520910248133546e-16
9.715425863594299797e-17
9.032785492857565571e-17
8.402685844458723022e-17
7.810044023373460184e-17
7.263855589538250346e-17
6.760222934647076837e-17
6.287552598321375244e-17
5.844870152532022651e-17
5.437607506193464040e-17
5.056700310641027560e-17
4.706380721937441729e-17
4.379046218930112546e-17
4.073601582764204682e-17
3.788920332690381457e-17
3.523865974893211300e-17
3.280564460605542883e-17
3.051073737471184601e-17
2.840575738390831585e-17
2.642424463848679276e-17
2.458555407688396510e-17
2.287998593777704522e-17
2.129832414778318744e-17
1.983184149375389801e-17
1.845761800974299608e-17
1.717207677959702875e-17
1.598336844409820548e-17
1.488398617218771065e-17
1.385711064461164874e-17
1.289908736719566270e-17
1.200622428682511888e-17
1.118215625978121490e-17
1.040790220135700846e-17
9.694002158403163438e-18
9.024420547881918226e-18
8.402467215921205017e-18
7.824962483612239158e-18
7.288874779050145824e-18
6.787664351977564371e-18
6.319648296367994276e-18
5.886122140942534541e-18
5.481780511276571608e-18
5.104991997010759749e-18
4.754144223248796442e-18
4.427663538873121035e-18
4.124022061513689952e-18
3.840081218708243293e-18
3.576412166800340514e-18
3.331628244640318130e-18
3.103173256559990239e-18
2.890156458468078305e-18
2.690673734026600092e-18
2.505996240289707252e-18
2.334155871998027997e-18
2.173578829332585126e-18
2.024386713319444043e-18
1.885188146629623867e-18
1.755430992240197720e-18
1.635083215215927148e-18
1.522535463026093022e-18
1.417413110955781047e-18
1.320099755144440776e-18
1.228955762809178447e-18
1.144347305741564063e-18
1.065535802716046674e-18
9.926905964662923443e-19
9.236826295251716923e-19
8.589543831005380402e-19
8.002798324624327046e-19
7.452044222444875639e-19
6.935980927655663283e-19
6.453180515516718125e-19
6.002131601922076426e-19
5.593061331156505550e-19
5.199676632689052864e-19
4.843091796958023755e-19
4.501422744810941961e-19
4.191777786790161397e-19
3.895969220115480639e-19
3.627865425979392709e-19
3.372364809472794810e-19
3.135345402975969090e-19
2.915531067867497770e-19
2.711714243263221046e-19
2.522758368540562579e-19
2.343972273780309417e-19
2.178654635182206643e-19
2.025769182123181519e-19
1.884357005693743996e-19
1.751088669568486352e-19
1.625830476375032782e-19
1.512377196302415533e-19
1.403912786490783720e-19
1.304044409219203395e-19
1.212034666402878726e-19
1.125867622845611939e-19
1.045311755446912425e-19
9.712188175859525544e-20
9.010220358502999948e-20
8.365726967545254052e-20
7.765294164419792673e-20
7.206502681506341323e-20
6.693634159922431291e-20
6.210331641453173064e-20
5.761680222874070402e-20
5.340511050716522493e-20
4.955048150719529839e-20
4.593746239126583894e-20
4.262757460977525384e-20
3.948800178338447996e-20
3.658151932878931039e-20
3.389115807035792989e-20
3.137639585476099821e-20
2.905174657213126103e-20
2.686231198313351273e-20
2.484278820057520171e-20
2.296310591648067243e-20
2.121553955218607494e-20
1.959246414508963145e-20
1.808641653850438545e-20
1.667909514972907674e-20
1.538668288223978639e-20
1.417221512175067558e-20
1.305896671424347163e-20
1.202328475373926875e-20
1.106135108108354576e-20
1.016928051818448671e-20
9.343187319099978759e-21
8.584049429559048182e-21
7.877944156073026875e-21
7.226559349521997436e-21
6.626344797368790588e-21
6.070732157380122715e-21
5.557436814265298130e-21
5.086667726157665496e-21
4.653049263058070618e-21
4.254367273338073652e-21
3.888453150904113632e-21
3.553189205240630215e-21
3.245093433170004560e-21
2.963953404265358123e-21
2.706705854590288787e-21
2.471902957024038704e-21
2.258121296789675838e-21
2.063967064618483671e-21
1.888092367015283057e-21
1.728583862677651164e-21
1.584423786630653134e-21
1.455074602785483274e-21
1.338550418219541246e-21
1.234973500276635347e-21
1.138309278933632810e-21
1.048354804682528841e-21
9.674643413739677007e-22
8.897713134657840417e-22
8.200231636942425386e-22
7.553184850737569720e-22
6.953887828700583879e-22
6.399608892390675160e-22
5.901497033557964828e-22
5.427682597826265520e-22
4.990991159462260323e-22
4.598897721602615043e-22
4.227849544887062459e-22
3.886683251972149911e-22
3.573169371406129254e-22
3.285201915660238931e-22
3.020802575123812082e-22
2.778118013887828513e-22
2.550737322801489306e-22
2.346892214315963849e-22
2.156111791363345933e-22
1.978186510180189457e-22
1.815786302166735942e-22
1.667515088166416055e-22
1.532100827945385973e-22
1.406219500190581061e-22
1.289494709946524126e-22
1.183237896433859607e-22
1.084898842966870774e-22
9.954520643470151063e-23
9.127914226769004825e-23
8.365313385968810220e-23
7.662820529582503948e-23
7.025422111365227064e-23
6.430656205096288050e-23
5.891809218040129272e-23
5.396740306532590274e-23
4.942290189814576129e-23
4.520391878470970927e-23
4.138810150747347687e-23
3.785170535190045268e-23
3.461824055614391941e-23
3.163234051305017943e-23
2.893903987133486984e-23
2.642963485876667110e-23
2.416863833551500975e-23
2.206754218812084022e-23
2.015776060780149542e-23
1.840544744868065102e-23
1.681397690303170146e-23
1.534260056938668402e-23
1.400852304684204326e-23
1.277811707231658751e-23
1.165490518858650913e-23
1.063021144920243502e-23
9.695903650970873083e-24
8.838074897660701536e-24
8.057385435385158447e-24
7.342069966947615399e-24
6.687551883154264727e-24
6.093334145027466587e-24
5.546821714676058274e-24
5.051489878783088845e-24
4.596908537412357756e-24
4.185398508405687642e-24
3.806192506898015165e-24
3.463476166502891399e-24
3.150129399737190013e-24
2.864003209888846501e-24
2.603026336754018867e-24
2.365226075845203971e-24
2.148729992630500142e-24
1.951778410406334984e-24
1.771885865075657209e-24
1.608539519787365058e-24
1.459622609134206200e-24
1.324011556544664091e-24
1.200636223926203564e-24
1.088488668391401395e-24
9.862185748994575611e-25
8.934374984172274681e-25
8.089917150637032657e-25
7.322159736144116967e-25
6.624796905048887671e-25
5.998583721684285425e-25
5.424440399997328448e-25
4.899430710048331222e-25
4.420483408532976594e-25
3.997714306797901254e-25
3.600006610805751134e-25
3.249599269922431523e-25
2.930827683310523136e-25
2.641313949829581702e-25
2.378757915113657486e-25
2.140968491952312236e-25
1.931324928972694125e-25
1.736294535760983139e-25
1.560241676791900137e-25
1.401455887412714024e-25
1.258351033154627628e-25
1.129465898954735895e-25
1.010930940670451216e-25
9.068701934989566033e-26
8.113445017456953051e-26
7.257539070720428300e-26
6.490812235542333558e-26
5.790999758391579750e-26
5.166179469491076870e-26
4.608319859436927308e-26
4.101454660848439386e-26
3.642482060262538368e-26
3.234849297173976908e-26
2.872728123784965976e-26
2.545874404878725332e-26
2.251683739709687369e-26
1.991439090856641477e-26
1.757791109366402481e-26
1.548538929654766374e-26
1.361573653833337588e-26
1.194894956963130748e-26
1.048508410780370353e-26
9.166183256589667038e-27
7.997700214956870034e-27
6.976647315599923724e-27
6.063119744511863928e-27
5.258460259749857858e-27
4.543384237352736699e-27
3.917997647337907572e-27
3.372195226587902257e-27
2.891915284013454465e-27
2.475001440136048451e-27
2.110299198182332705e-27
1.795398387943273431e-27
1.519110485301487315e-27
1.282270247278031508e-27
1.077911464146369520e-27
9.022690758406208462e-28
7.519180046393894907e-28
6.227491600777280395e-28
5.141010038481827109e-28
4.215875050103830128e-28
3.433248526354167121e-28
2.779987566537567964e-28
2.237389030399308256e-28
1.783208097824826262e-28
1.411252227612858039e-28
1.106580236821466997e-28
8.590732005090485622e-29
6.597714972245237110e-29
4.999123628364626760e-29
3.739244298357098019e-29
2.757238014196512556e-29
1.997492304282064707e-29
1.418718181177851421e-29
9.855213196913088344e-30
6.674384456982344409e-30
4.390928973728307353e-30
2.792047284685453624e-30
1.701670676756049203e-30
9.878273287047971184e-31
5.388332796524930005e-31
2.716398701382496873e-31
1.235897762657751210e-31
4.899954948687937876e-32
1.576024129041100634e-32
3.768234728128418875e-33
4.872283278997469741e-34
3.530826132622914754e-35
0.000000000000000000e+00
