4.277310967587229180e-08
3.987373921165637093e-08
3.724131843252843224e-08
3.477001977175142079e-08
3.246038213823189603e-08
3.028704856146777385e-08
2.833031474982235451e-08
2.642267451013135602e-08
2.471329196710338912e-08
2.308992598536863398e-08
2.159748079532490670e-08
2.013990208748656778e-08
1.884378533435445783e-08
1.757614821496875196e-08
1.648000386209244558e-08
1.537664173621756636e-08
1.440143011626880879e-08
1.342363485038023031e-08
1.258175054470451429e-08
1.173641887941757206e-08
1.099413778295971704e-08
1.026449653334797953e-08
9.625231561272184120e-09
8.983192615910265158e-09
8.411807915032888749e-09
7.859699598769238729e-09
7.360722195094079955e-09
6.877750183787389258e-09
6.443044927897306835e-09
6.021467090840758734e-09
5.643342756185243571e-09
5.270413738916117858e-09
4.942265441585405887e-09
4.613618603379240431e-09
4.325132147774776409e-09
4.040453412717245849e-09
3.787382577055731798e-09
3.537832726010483437e-09
3.319250709033150922e-09
3.098194756733361746e-09
2.904805160681451209e-09
2.712180368009964157e-09
2.543641837461505996e-09
2.374175896765000126e-09
2.225877319145322481e-09
2.078789139472514688e-09
1.948544170056596669e-09
1.818527829576381759e-09
1.704490672140040178e-09
1.591049548219411698e-09
1.490409077786921142e-09
1.390808309914833274e-09
1.302299517391676679e-09
1.215139992308543176e-09
1.137508997586587266e-09
1.061434708100115249e-09
9.929479774262933532e-10
9.262438258262228179e-10
8.664949457350624477e-10
8.077675890607564842e-10
7.550230026121608625e-10
7.042421588582930026e-10
6.578315553149771335e-10
6.131574136163505289e-10
5.725023974420263407e-10
5.336153205461675072e-10
4.981152406487086663e-10
4.639757590515002369e-10
4.329195049728093403e-10
4.032512097220064557e-10
3.760400951468124461e-10
3.503464160465859684e-10
3.264854123182650200e-10
3.041980802188153511e-10
2.833783775263900780e-10
2.640225435431132040e-10
2.459388800620077390e-10
2.291136874007154856e-10
2.134042169823949138e-10
1.987742277076739710e-10
1.851857733586549074e-10
1.725093549911276122e-10
1.607471423897928681e-10
1.497535702545814603e-10
1.395653649342089967e-10
1.299914455267199299e-10
1.211931268789973568e-10
1.129357360189413573e-10
1.052001773367516264e-10
9.818753244406664756e-11
9.140919720397698048e-11
8.526947353929389968e-11
7.952715901926576389e-11
7.416275003376547708e-11
6.915641476731609886e-11
6.448833298981645249e-11
6.013888785899171297e-11
5.608889056042728172e-11
5.231969662069234889e-11
4.881333619399082761e-11
4.555258066558118330e-11
4.252100056842564502e-11
3.964062616172937533e-11
3.702715154567308838e-11
3.454664332049838597e-11
3.224688252979962610e-11
3.007200393672223995e-11
2.805947125361897466e-11
2.619644636402507613e-11
2.447110434855439514e-11
2.284384337108179252e-11
2.131253799372425505e-11
1.989805510180731747e-11
1.859056947562105484e-11
1.734211645102639260e-11
1.620837830239852881e-11
1.512776554938730608e-11
1.413110773056346115e-11
1.319773166027211089e-11
1.232456690879442482e-11
1.150851014398102218e-11
1.074645034432792027e-11
1.003532121980176721e-11
9.372112824547609503e-12
8.753908745934244006e-12
8.177888076736506664e-12
7.641350741040252617e-12
7.136111295601349070e-12
6.666336182295705800e-12
6.229554608922492403e-12
5.819241042866913356e-12
5.434361729399522521e-12
5.077288330936066493e-12
4.742765229715232076e-12
4.432580078909162804e-12
4.139629442607573994e-12
3.868343849425530996e-12
3.614830016564311413e-12
3.376119531617789915e-12
3.153545702583355704e-12
2.947726935050930505e-12
2.752833890555787660e-12
2.572811712050414411e-12
2.402722844399636786e-12
2.244617502325625515e-12
2.097648858706085434e-12
1.959190130550864493e-12
1.830663511612878080e-12
1.709813374481758716e-12
1.597742660759153304e-12
1.492521879008785292e-12
1.393866789595935884e-12
1.301997693920983026e-12
1.216467211345297438e-12
1.136422160255097809e-12
1.061187190238293002e-12
9.912935885168169791e-13
9.260334257310150111e-13
8.648409728058637785e-13
8.077981139360025798e-13
7.544004441757063517e-13
7.044630637349550677e-13
6.580015807633543857e-13
6.144138009762140592e-13
5.737407486527281290e-13
5.358075418074883201e-13
5.003084873821711419e-13
4.671183525946109140e-13
4.361125854114566756e-13
4.075799333952364506e-13
3.800700231856066696e-13
3.550679768143785300e-13
3.315125568668489689e-13
3.093625357135167732e-13
2.885700845643037461e-13
2.696629216632516632e-13
2.513685597686322967e-13
2.347470910211955533e-13
2.191701504466219696e-13
2.045885839223121876e-13
1.909524845638788013e-13
1.778838902798739291e-13
1.660186582141820822e-13
1.549476254576161193e-13
1.446235391714373410e-13
1.347771021466871444e-13
1.258315647299582403e-13
1.173145531412023548e-13
1.094041942489660370e-13
1.020577396892638138e-13
9.523509226757650088e-14
8.877292839013743352e-14
8.278474020613400592e-14
7.723448516219535231e-14
7.199453170542226945e-14
6.714538736952144418e-14
6.257829246798927225e-14
5.835664223035641088e-14
5.438806319926387041e-14
5.066433518370629660e-14
4.722892022810818360e-14
4.400923753207856333e-14
4.103957195166884870e-14
3.821923204747667815e-14
3.562209218905818939e-14
3.319569192731983963e-14
3.093099689920744809e-14
2.879223385965993918e-14
2.682664387851771389e-14
2.499609621833871251e-14
2.327221631061353657e-14
2.168887335830448344e-14
2.018334265548337672e-14
1.880232280247573671e-14
1.750670234852859282e-14
1.630560288631375713e-14
1.518096335879532564e-14
1.412945418616735016e-14
1.315675317954759939e-14
1.224842435949215142e-14
1.140111612401034646e-14
1.061148488034333527e-14
9.876210278966491586e-15
9.192048491887192160e-15
8.555835449832826803e-15
7.959912899182623227e-15
7.406823136196793650e-15
6.893649157027735859e-15
6.414187098272645410e-15
5.966790648407647929e-15
5.552592854700841112e-15
5.166568623031509736e-15
4.807123650518545131e-15
4.470599525779695719e-15
4.159846692065746412e-15
3.869358565687732574e-15
3.599748111491682048e-15
3.348197425627726919e-15
3.115037674885560198e-15
2.897807578310170887e-15
2.695602193487417451e-15
2.506584932361584194e-15
2.331868270217367546e-15
2.168790087703772898e-15
2.017462858180392262e-15
1.876454853456787171e-15
1.745189967466185547e-15
1.623619051853375958e-15
1.510092441307532617e-15
1.404642616956137406e-15
1.306359327598814999e-15
1.215199837540319997e-15
1.130357770352291572e-15
1.051458858802673366e-15
9.789153788993889396e-16
9.098033889837667943e-16
8.472452914555356099e-16
7.866187202200875425e-16
7.318211099393403680e-16
6.821579065464756292e-16
6.341721506073727213e-16
5.894379689849985478e-16
5.489507421694683067e-16
5.100942425522607502e-16
4.749414939085186502e-16
4.421875158908070729e-16
4.116940995024256306e-16
3.826163917103108419e-16
3.563079352160627824e-16
3.312777466713877946e-16
3.086202847716298676e-16
2.871021498888132883e-16
2.671790090236573920e-16
2.487333937354248394e-16
2.316553131434039841e-16
2.155222729915577284e-16
2.006187167546353598e-16
1.868468890441227329e-16
1.738792238510570204e-16
1.619145245753548444e-16
1.508696545376594823e-16
1.404921143336326075e-16
1.307618743712407933e-16
1.217999251585264216e-16
1.134083333197334770e-16
1.056817468872158607e-16
9.845382537505901556e-17
9.170145397895068211e-17
8.540075555789759747e-17
7.952757381345232328e-17
7.413008524740437449e-17
6.903299715785420022e-17
6.435222010897319129e-17
5.994077493386027689e-17
5.584239706065526949e-17
5.203619012464306058e-17
4.850225829519453339e-17
4.522173684337963208e-17
4.214387978425296744e-17
3.926112503701341215e-17
3.659223560803254316e-17
3.412087153045133368e-17
3.180965466710131423e-17
2.965072688186135525e-17
2.763612067338595437e-17
2.577440738233681608e-17
2.402302561006002600e-17
2.240611641146607144e-17
2.088765009036018018e-17
1.947537980153078158e-17
1.816234572544530652e-17
1.694189925874907906e-17
1.579936538911089179e-17
1.473109377275339369e-17
1.374023623957680234e-17
1.281485135072571759e-17
1.195136806496598777e-17
1.114624559763527294e-17
1.039602125228809262e-17
9.697323775557451250e-18
9.043056846469941829e-18
8.434655115463355775e-18
7.869040736867901863e-18
7.340414446305649104e-18
6.846811859932161808e-18
6.383907617415836479e-18
5.954740781677876883e-18
5.554827107587221276e-18
5.180580380949412673e-18
4.832356284434327762e-18
4.506977091783412074e-18
4.203215007083155584e-18
3.921058308706118606e-18
3.656791264777536146e-18
3.409584062535409111e-18
3.180391240216785173e-18
2.965399173437861744e-18
2.765515257630401847e-18
2.579038073416015611e-18
2.406409778157435536e-18
2.242605288898500173e-18
2.088699118812771857e-18
1.948951787468137620e-18
1.817557517560928721e-18
1.694231992404838522e-18
1.578659790705683132e-18
1.470504244162631177e-18
1.372249297492418559e-18
1.277602423390521969e-18
1.191664309699004310e-18
1.109181850848069885e-18
1.034304106754390927e-18
9.626519345000896227e-19
8.976016548487482176e-19
8.355059784325364586e-19
7.778053507333208237e-19
7.242041932080374109e-19
6.744221712794934903e-19
6.281947051448458642e-19
5.843840997972457872e-19
5.438081321051917187e-19
5.062235958655789042e-19
4.714049477302161620e-19
4.385403337870316184e-19
4.076029650430101955e-19
3.795385439984942692e-19
3.526679290823294830e-19
3.278899942410393327e-19
3.050287648022508229e-19
2.835888789263199197e-19
2.635172005767121858e-19
2.450307738390309544e-19
2.274932221054720827e-19
2.113707588167716196e-19
1.963318178128381473e-19
1.823190421825273052e-19
1.694431179193860653e-19
1.572961665711456928e-19
1.460082825559780641e-19
1.354013058650450511e-19
1.256845523322211702e-19
1.165690266291247054e-19
1.082076872849812922e-19
1.002625353235977795e-19
9.289451346462501031e-20
8.606300182763615041e-20
7.966714320067547084e-20
7.374572011476668133e-20
6.816053062401979098e-20
6.300158883278506101e-20
5.819360083681127029e-20
5.371809699576490563e-20
4.955674859848410687e-20
4.569150830871897930e-20
4.207636546073714681e-20
3.875378597623902907e-20
3.562953740441911363e-20
3.276419142476865008e-20
3.009751812062403959e-20
2.762022594114336438e-20
2.532279337649623422e-20
2.319562828016601560e-20
2.124159945448032444e-20
1.942516071049324162e-20
1.775090356394261320e-20
1.620987946373425600e-20
1.478536870800557689e-20
1.347162421297496696e-20
1.226922540580783527e-20
1.116443713326049237e-20
1.015159465827077786e-20
9.225120749603086936e-21
8.379545845371328835e-21
7.605965729427792235e-21
6.903687534330632325e-21
6.264861036551541431e-21
5.685684558279143031e-21
5.162404480488288077e-21
4.691331062961361857e-21
4.268883193558259222e-21
3.890147992965128674e-21
3.552386757974534118e-21
3.253954294911900441e-21
2.989876590827659258e-21
2.759180517977626867e-21
2.544233302294956853e-21
2.344076122527991478e-21
2.163975240446905412e-21
1.990889099476343443e-21
1.835411978761355763e-21
1.691097323739836196e-21
1.557361163503509985e-21
1.433607469606663296e-21
1.322340242301974617e-21
1.216451358230716861e-21
1.118815106315926459e-21
1.031113172531766196e-21
9.480855588895687124e-22
8.717152693982126809e-22
8.015098497286329511e-22
7.370032724755931980e-22
6.777575141996157282e-22
6.233615122135096203e-22
5.723817842079303726e-22
5.266671682457527385e-22
4.838724651892405009e-22
4.439526135579251562e-22
4.075087040496649428e-22
3.742294049642428159e-22
3.438308716075263136e-22
3.155681740926479706e-22
2.893578048860709866e-22
2.654951865862881382e-22
2.434084044929134352e-22
2.233170035954040294e-22
2.047484433935661160e-22
1.876165447467821461e-22
1.718340825578853065e-22
1.575133966274667978e-22
1.441500352510931114e-22
1.320427132201144345e-22
1.209187609701869008e-22
1.107073066803753889e-22
1.012271415037326144e-22
9.265280424692938929e-23
8.470625679667424794e-23
7.744037538999896244e-23
7.073190107602355070e-23
6.468253280609366524e-23
5.904793700536688881e-23
5.397278917924124950e-23
4.925821594142335985e-23
4.497452895441949058e-23
4.104559374666898244e-23
3.747876192539495444e-23
3.418251129447144073e-23
3.119519096371682912e-23
2.844130438943188974e-23
2.592856104757244408e-23
2.363736071064413707e-23
2.154933647621604105e-23
1.963324211915181397e-23
1.789039420359397598e-23
1.629436990133239235e-23
1.483482141593424021e-23
1.351049498764017206e-23
1.229319500642159600e-23
1.119053825124252368e-23
1.017919334566025329e-23
9.264212941128239272e-24
8.421560938483411184e-24
7.660445765132848076e-24
6.964966623199447073e-24
6.330276719448285882e-24
5.751711382928660948e-24
5.224830121449943798e-24
4.745423505548948188e-24
4.309537953217545628e-24
3.911622855979592717e-24
3.550497837004956576e-24
3.221441057464483106e-24
2.921932915933185883e-24
2.649576024091479156e-24
2.402115160071319286e-24
2.176543830405473301e-24
1.971981677521204108e-24
1.785863521464866968e-24
1.616704891291102142e-24
1.463100251569746388e-24
1.325206027277210340e-24
1.198819608705008825e-24
1.083282541206070398e-24
9.779081446015383248e-25
8.849109938997622903e-25
7.974383136089865652e-25
7.203745304873820012e-25
6.502687879257899133e-25
5.865938343448265676e-25
5.288402239072425495e-25
4.765237009252479934e-25
4.303864676248219958e-25
3.874495971849866613e-25
3.486729596466704681e-25
3.136802756890235281e-25
2.821229680839885405e-25
2.536802046447915578e-25
2.274991595466812860e-25
2.044928830573803551e-25
1.833508766271500509e-25
1.643849903861701115e-25
1.473727751660998292e-25
1.318226959610625562e-25
1.179168073228057159e-25
1.054797970656557370e-25
9.415850643326748715e-26
8.388602206340110803e-26
7.474250668558666020e-26
6.660084690342880413e-26
5.923369795797466432e-26
5.258492572491330742e-26
4.668648522549145062e-26
4.137479756168520799e-26
3.660232087829843369e-26
3.232350094544991888e-26
2.849504447838251320e-26
2.511982387838256633e-26
2.206656756847361494e-26
1.934997695394107962e-26
1.696554326833905195e-26
1.482225508627438650e-26
1.292510089665490695e-26
1.123054752725191419e-26
9.741509980384932309e-27
8.435747067043794192e-27
7.280907592242565111e-27
6.273049844783112731e-27
5.386402156156057363e-27
4.616237794054578633e-27
3.936214605802425232e-27
3.349357365718190090e-27
2.839393931875336782e-27
2.397805045972027125e-27
2.016809599191332375e-27
1.686743708987723252e-27
1.406656366512141859e-27
1.165935538739426640e-27
9.602763150918072368e-28
7.868079371301358743e-28
6.411313069593836490e-28
5.177586033038009201e-28
4.154607742812643071e-28
3.305583717743528509e-28
2.606178428567226008e-28
2.034553713135257298e-28
1.568742556072546805e-28
1.195339149273597534e-28
8.989866966723773539e-29
6.652049198909514116e-29
4.833509225516472723e-29
3.441159755806873127e-29
2.393440963375523400e-29
1.620890532293889961e-29
1.063906393319000560e-29
6.716034909533613591e-30
4.053815385983233366e-30
2.310854907659062548e-30
1.224850577321133886e-30
5.909678926087992769e-31
2.508627151635192835e-31
8.801159526403602536e-32
2.323861646648622262e-32
3.505510170195437458e-33
3.129217922223870323e-34
0.000000000000000000e+00
