3.397145996697841524e-08
3.169173618165016488e-08
2.967425584476696218e-08
2.772090151722033921e-08
2.593972225472218980e-08
2.421389812531293765e-08
2.269611610491451411e-08
2.117454584589962700e-08
1.984043171591065823e-08
1.853971866326367873e-08
1.736790841036770411e-08
1.619575454584474612e-08
1.517201964976093714e-08
1.414882930552213868e-08
1.327825080381294732e-08
1.238470715743440306e-08
1.160566580539489264e-08
1.081157011562777086e-08
1.013537671531041871e-08
9.447092182784983210e-09
8.847744577932669707e-09
8.252419616128049741e-09
7.733763081458022512e-09
7.209141976967234427e-09
6.743452334931216699e-09
6.291887985392923501e-09
5.883604325937598433e-09
5.488475366292922159e-09
5.131584591798771400e-09
4.786819662928459617e-09
4.475543574583641469e-09
4.170885465983522111e-09
3.900217152342469535e-09
3.632215566559052325e-09
3.394009727527746351e-09
3.162485337099237060e-09
2.953495079589848066e-09
2.751232394143152388e-09
2.570852557122757600e-09
2.392420008762901907e-09
2.233154710916644723e-09
2.078466256419483006e-09
1.940082540313441407e-09
1.804783138911506802e-09
1.683541117230801746e-09
1.566905720161911796e-09
1.461003322214874033e-09
1.358659762977181746e-09
1.266551285951590408e-09
1.177989611786810938e-09
1.097346496807911320e-09
1.020274847779242286e-09
9.499953071979451358e-10
8.831883859878394252e-10
8.221685989343285691e-10
7.644395770723963532e-10
7.112074496862720881e-10
6.611095997179700629e-10
6.152185667261709340e-10
5.715731565972724398e-10
5.315765021063377365e-10
4.942443273328556828e-10
4.595103256362416831e-10
4.270127124657353802e-10
3.969899645816010761e-10
3.689956840883648438e-10
3.431240366094053899e-10
3.187897996168682216e-10
2.964465031545520271e-10
2.754965831297559747e-10
2.561563656775640730e-10
2.381680343074131500e-10
2.213962186181235667e-10
2.059110941363984781e-10
1.914190129162719403e-10
1.780586620092410228e-10
1.655737386935865001e-10
1.540236327677816044e-10
1.432485987380479221e-10
1.332501239537939487e-10
1.239760542883019163e-10
1.153436606993697103e-10
1.073453666997549739e-10
9.988108414705057354e-11
9.297293231114714355e-11
8.648984159982501481e-11
8.053967171755331709e-11
7.496245243769999648e-11
6.974432393899838768e-11
6.501973283834636095e-11
6.045864539228858657e-11
5.633235327461300534e-11
5.247779012261974817e-11
4.888119828891277520e-11
4.552866620440311707e-11
4.240632867151782160e-11
3.950052367685152616e-11
3.679791323739170650e-11
3.428558555154876461e-11
3.195111579095757948e-11
2.978262816360302358e-11
2.776881435537391818e-11
2.585760421392936124e-11
2.412543071049636997e-11
2.248321300822671468e-11
2.096235339372139479e-11
1.952568715856251745e-11
1.819774771928457656e-11
1.696982374319336079e-11
1.583389708593410646e-11
1.476372603995963314e-11
1.375778100433092032e-11
1.282961443425010596e-11
1.197260644202625252e-11
1.115520381434263705e-11
1.041373667649672891e-11
9.707800979983571795e-12
9.057441928781039073e-12
8.449059908019645983e-12
7.880566598494938686e-12
7.349857787841599624e-12
6.854830601919514745e-12
6.393416854930027787e-12
5.963591659000440144e-12
5.563396236946600168e-12
5.190940341485372232e-12
4.844417050227955290e-12
4.518489491633941106e-12
4.215796746998526288e-12
3.934694923806625242e-12
3.670940206403977596e-12
3.423831353811237433e-12
3.194850668660005380e-12
2.980589646269336804e-12
2.782157193441864849e-12
2.594978184098730740e-12
2.421854044510185785e-12
2.260269289141823071e-12
2.108307677055584011e-12
1.966794775438272715e-12
1.836097177668284128e-12
1.712491965668848984e-12
1.598461258572407671e-12
1.490858102475134100e-12
1.390962642160970366e-12
1.298221037677083990e-12
1.210960277915758627e-12
1.130062227543458210e-12
1.054093073200918077e-12
9.837329986381741518e-13
9.177580335548547599e-13
8.559795370341882523e-13
7.985248013808324869e-13
7.451031653279525309e-13
6.951722321652559921e-13
6.483025982419713555e-13
6.048171456793261872e-13
5.642671020842652455e-13
5.262940791755994541e-13
4.909421959025666761e-13
4.578926191444082159e-13
4.270251413175480022e-13
3.983438000231176074e-13
3.714716538497346941e-13
3.464294001949888221e-13
3.231047147950290690e-13
3.013054490560730265e-13
2.809509052285479603e-13
2.619610487160477458e-13
2.445088153393220967e-13
2.277043914584951240e-13
2.124522037695394241e-13
1.981014125126541029e-13
1.846247877702883706e-13
1.719910460715399484e-13
1.605180831406517332e-13
1.494317442791199803e-13
1.393726881301304309e-13
1.299582477226134038e-13
1.211571244436399983e-13
1.129376374074883084e-13
1.050708972971850792e-13
9.793820797760577040e-14
9.129185094706031102e-14
8.510219664881364044e-14
7.920689095093850205e-14
7.385819868458447108e-14
6.877258093405804645e-14
6.405559943942466550e-14
5.968079236381864883e-14
5.562336036949352586e-14
5.178549526910775210e-14
4.823393104993017381e-14
4.494653022986171135e-14
4.184709005095353537e-14
3.898267882130013944e-14
3.628850035810157253e-14
3.380144965866229967e-14
3.146661613608625045e-14
2.927878222336105001e-14
2.726304336704922628e-14
2.537639733494396644e-14
2.363855143114101595e-14
2.199026703286139455e-14
2.047442436193154358e-14
1.906007930285328584e-14
1.774170180161103226e-14
1.649824873220871001e-14
1.535694533402797077e-14
1.429539927433787006e-14
1.329696905584989327e-14
1.238107709558713275e-14
1.151127064766168027e-14
1.071437589046248738e-14
9.967658266426107730e-15
9.276238926680952576e-15
8.629591425617861510e-15
8.025691702159435089e-15
7.467687089849289895e-15
6.947189971138683633e-15
6.462189976268800921e-15
6.010688454946600563e-15
5.590708229858797848e-15
5.200322671752952642e-15
4.837658873972114249e-15
4.498292144824199567e-15
4.183616272330106389e-15
3.891917173685235563e-15
3.619622557246172337e-15
3.365756663416832975e-15
3.130923602166321051e-15
2.912237629936054737e-15
2.708765079381943390e-15
2.518407275859857925e-15
2.342751003377327191e-15
2.178659208417780036e-15
2.026458054541429390e-15
1.884537648831801208e-15
1.753068279888280750e-15
1.630646619969288263e-15
1.516749757988969011e-15
1.410331572809208917e-15
1.312007847674398201e-15
1.220270848053390709e-15
1.135175669437969174e-15
1.055909975775292930e-15
9.821435752480282892e-16
9.138432863603429791e-16
8.500773564509988823e-16
7.908600148412330591e-16
7.356764102465891533e-16
6.844995508868004142e-16
6.368740612346983579e-16
5.925877302701597601e-16
5.518701244241084742e-16
5.130786698851377992e-16
4.779647376708191666e-16
4.439328986729279130e-16
4.131701281166637549e-16
3.852863911713138897e-16
3.583403731462369273e-16
3.332156178315089536e-16
3.104713631945670255e-16
2.886379667600548444e-16
2.688804465906958720e-16
2.504658143118116199e-16
2.333167274752668542e-16
2.169581850571771173e-16
2.021521580245296123e-16
1.880600225890081018e-16
1.752985168789215306e-16
1.631734867179625790e-16
1.519420951038001197e-16
1.415386990083377627e-16
1.319018697248234669e-16
1.227936328287320518e-16
1.143750343831519441e-16
1.065914491213356946e-16
9.925820691864858559e-17
9.248818308631839716e-17
8.623490253299232291e-17
8.035584814169793839e-17
7.484001438365818886e-17
6.975642194531506932e-17
6.499322653878220204e-17
6.060455650469410368e-17
5.649633632872974814e-17
5.265573970738470431e-17
4.906951162234268337e-17
4.572420666640891336e-17
4.264762668731049332e-17
3.974013946442087103e-17
3.706814744244961246e-17
3.454801609525808790e-17
3.220496048889715492e-17
3.002728331625851953e-17
2.800384692047316856e-17
2.612407412797669347e-17
2.435908362932234047e-17
2.270470081627091182e-17
2.117187658265677834e-17
1.975141537760775799e-17
1.842199603172933984e-17
1.717923658892779694e-17
1.601868394150863345e-17
1.494541476611897587e-17
1.393501249580949332e-17
1.300151749485676985e-17
1.212423554135003886e-17
1.130773922135762074e-17
1.054809884555178823e-17
9.841556777448268064e-18
9.179693100066153134e-18
8.560461184111256538e-18
7.985754304787590780e-18
7.448709887126549989e-18
6.947308889077370095e-18
6.479546871832752077e-18
6.043457792909561682e-18
5.637125752098128092e-18
5.256460533293065363e-18
4.902331838264724557e-18
4.572979978285174534e-18
4.265056734869890950e-18
3.977441741392098631e-18
3.707636487787543516e-18
3.457431664293485591e-18
3.224231187729170103e-18
3.005958521193718376e-18
2.802834242151373697e-18
2.613015936751937707e-18
2.435796802665429299e-18
2.271178086130388813e-18
2.116998414219416874e-18
1.972779189637845854e-18
1.839081252225713658e-18
1.713683385688718990e-18
1.597116893742402962e-18
1.488391246968581402e-18
1.387765092261257202e-18
1.292317565237036157e-18
1.202676169315179313e-18
1.121319309372109566e-18
1.044863065195058107e-18
9.731401399466318354e-19
9.059646023443816163e-19
8.431380587167101206e-19
7.860987902584721877e-19
7.311906882290324969e-19
6.813697677620737306e-19
6.335871758420222385e-19
5.902431492769999200e-19
5.487991675035215297e-19
5.112046497096915658e-19
4.753481480941715596e-19
4.420589792851647745e-19
4.111630608644352929e-19
3.824952348013266715e-19
3.558997629247088156e-19
3.307195317696704018e-19
3.074220303311505027e-19
2.858643143916534455e-19
2.659138718377033740e-19
2.471031224340754311e-19
2.294148621042178466e-19
2.133869258285786125e-19
1.980579468305130827e-19
1.839389501484995058e-19
1.709270137499644354e-19
1.587381189097572767e-19
1.473403514452984564e-19
1.368550352085888520e-19
1.269195801567809794e-19
1.177965738419266797e-19
1.092966348782090167e-19
1.013859120656502727e-19
9.412534426426235120e-20
8.728362889198088417e-20
8.093296111756636466e-20
7.497202981853522561e-20
6.951733477477831521e-20
6.440556001769820507e-20
5.972382010814252946e-20
5.528432587196113568e-20
5.117585142530680894e-20
4.737434872875392435e-20
4.382249001357200576e-20
4.054069484065801753e-20
3.745137509060115547e-20
3.460339493113180035e-20
3.195420773545007615e-20
2.949280485740181039e-20
2.720830547428951582e-20
2.509006425488500663e-20
2.311220138344634720e-20
2.129730534031864337e-20
1.959331543711222521e-20
1.803274113063117306e-20
1.658225040309489754e-20
1.523635744121880701e-20
1.398947908293495114e-20
1.283603844566006276e-20
1.177723934571217476e-20
1.079351713854962938e-20
9.887086917455817308e-21
9.052863994335055632e-21
8.281584135066721311e-21
7.569952025153707734e-21
6.918125678036392353e-21
6.318533538963105221e-21
5.767995328236809301e-21
5.263400515454693978e-21
4.801716280384770766e-21
4.378042848535011991e-21
3.991987090593286796e-21
3.639244021661390454e-21
3.317737707677278503e-21
3.025430957322391272e-21
2.760334197505830348e-21
2.520526565112340409e-21
2.303325437247049784e-21
2.107276029248534670e-21
1.931581206375518935e-21
1.773482178880693216e-21
1.633104975436657112e-21
1.502311997615875873e-21
1.380812915057162015e-21
1.271750794923583907e-21
1.167190074789304098e-21
1.073496053614089664e-21
9.867389528173458185e-22
9.065366179555594367e-22
8.325020776905290465e-22
7.660982410232222467e-22
7.030573261250225889e-22
6.450726233013794475e-22
5.931145814396800118e-22
5.440453216205342873e-22
4.990218042909432290e-22
4.577344798724629752e-22
4.198918056916326885e-22
3.852204133622502684e-22
3.534649234695787806e-22
3.237769029597681018e-22
2.972202528046105953e-22
2.724203729543524342e-22
2.493437119190593411e-22
2.283287011658295710e-22
2.091858569907647882e-22
1.917428953147850882e-22
1.755652845745458364e-22
1.605996161869810798e-22
1.470082730700941314e-22
1.344595871338736678e-22
1.230728824354181925e-22
1.125753123814746980e-22
1.029140867167307021e-22
9.403617764446354840e-23
8.600069842701537150e-23
7.852123844813609682e-23
7.176188842000190143e-23
6.556718115648019484e-23
5.989498664690470334e-23
5.464243967685670660e-23
4.990392315942094891e-23
4.552360982340956427e-23
4.152883419567557387e-23
3.784941642155339486e-23
3.453907476500990227e-23
3.146269929254087782e-23
2.869801789164733120e-23
2.613550363964050208e-23
2.381238249619462812e-23
2.168635966017298780e-23
1.976050558637837656e-23
1.798462402514926672e-23
1.637866756073237149e-23
1.490138829486652670e-23
1.355635871382347164e-23
1.233252939390015976e-23
1.121958095793812410e-23
1.020042226279501887e-23
9.275352019465224252e-24
8.429978122030976478e-24
7.658497713969438789e-24
6.959940586026306197e-24
6.319160308423682658e-24
5.739922758393389255e-24
5.209740681291496668e-24
4.731058572318546733e-24
4.291117036130558761e-24
3.894559606644574142e-24
3.532939627295975596e-24
3.203604514349248209e-24
2.904009526907155184e-24
2.631741828848830500e-24
2.384520826415876643e-24
2.160211666910429137e-24
1.955872597015151222e-24
1.770819017901871396e-24
1.602558816646586480e-24
1.449739037230853548e-24
1.311077007313326384e-24
1.185369101082073671e-24
1.071038865734176739e-24
9.675941089083828122e-25
8.736951792702562247e-25
7.885548470199545018e-25
7.114300332525888943e-25
6.423606573231956376e-25
5.792045349737216012e-25
5.216104359588959874e-25
4.692142719778587625e-25
4.230910484580493364e-25
3.798225081253258613e-25
3.418073326851643415e-25
3.073212737578863207e-25
2.760893263502916630e-25
2.478469064090568782e-25
2.223429047395462562e-25
1.999230095680348334e-25
1.791271623443263718e-25
1.604115095193021550e-25
1.435830420141524167e-25
1.284634165284182516e-25
1.148888780984605628e-25
1.024445917247544930e-25
9.155551519672721911e-26
8.159262373884648739e-26
7.269620888337333225e-26
6.475420351391786316e-26
5.753093040321303818e-26
5.110511272322500855e-26
4.538908755864989744e-26
4.021523167292876450e-26
3.554860834685691483e-26
3.142068722275959956e-26
2.776867532695520762e-26
2.448622880398358751e-26
2.154469096102373145e-26
1.895425209453360273e-26
1.663927182388480547e-26
1.457591442255629769e-26
1.274144078035106066e-26
1.111440599163719654e-26
9.692989088114226329e-27
8.419334393830371154e-27
7.297365006969174970e-27
6.322714496559759553e-27
5.455999187756578778e-27
4.697413812303629708e-27
4.027729353490167508e-27
3.446032173093351873e-27
2.941928674832339231e-27
2.501588662921932873e-27
2.122257848133505627e-27
1.793063452287878431e-27
1.511168889630937023e-27
1.265975266530159663e-27
1.057689302745063971e-27
8.796589975638185658e-28
7.281515262064712977e-28
5.997950605030910349e-28
4.907155445002538330e-28
4.000041529517638202e-28
3.236800868059579923e-28
2.599207482043964850e-28
2.074022178830869302e-28
1.643823420221506593e-28
1.288987043012014582e-28
1.002873086299855509e-28
7.723369747149693490e-29
5.882833022918496405e-29
4.427936944916551850e-29
3.283691392649150919e-29
2.400692123440971221e-29
1.727687486972834108e-29
1.219397266669199876e-29
8.420752642438033430e-30
5.674741177167527270e-30
3.718757360856871153e-30
2.360353635920307397e-30
1.443085471843423939e-30
8.420385974676009719e-31
4.657417982926934209e-31
2.405098139747618228e-31
1.139451858680944806e-31
4.818265157866552563e-32
1.755884277283841570e-32
5.065364096650222389e-33
1.073768985530275331e-33
1.150429067803889442e-34
6.311459834830211351e-36
0.000000000000000000e+00
