3.454023040453027391e-08
3.219065405169096886e-08
3.003090143805471974e-08
2.802751759526008270e-08
2.612849946016930418e-08
2.436634015138079573e-08
2.275392914627020908e-08
2.120749790711906126e-08
1.979644153808803175e-08
1.848159541227638572e-08
1.724775674026685132e-08
1.606805005014743560e-08
1.499512179825892912e-08
1.397063977478143943e-08
1.306199191366094291e-08
1.217195061032978074e-08
1.136321038158428262e-08
1.057609422806862390e-08
9.877585420713769887e-09
9.199077604624710661e-09
8.583364851624519358e-09
7.999747240668711333e-09
7.469631148673107106e-09
6.957961635311622691e-09
6.484866572389318629e-09
6.046932180540451394e-09
5.634488951123045463e-09
5.253289136071527838e-09
4.894802349703487201e-09
4.563926953849977575e-09
4.253034904079868665e-09
3.962073186353720540e-09
3.693287539505579232e-09
3.438578825217145217e-09
3.203469334226052944e-09
2.984550261940965987e-09
2.779527127018292291e-09
2.589176923094319590e-09
2.413246563279065642e-09
2.246050307876014891e-09
2.091694106896169514e-09
1.947390331100530981e-09
1.814080720648360198e-09
1.688370355809810711e-09
1.572294327474447202e-09
1.464350024744996784e-09
1.363569207353867701e-09
1.269161037636741754e-09
1.182017405874233684e-09
1.100568401355198910e-09
1.024701174031545986e-09
9.539891174005288211e-10
8.882127289799990767e-10
8.270287854324206100e-10
7.701764022845446512e-10
7.173634365874324817e-10
6.679515113919775286e-10
6.221290455625095829e-10
5.796425518101351153e-10
5.396928518383571125e-10
5.027189665704002608e-10
4.684946575015443651e-10
4.363940920230783278e-10
4.065272664401922305e-10
3.787550451115814900e-10
3.529429200884838239e-10
3.289619479951066393e-10
3.064351219462247740e-10
2.856616890672171729e-10
2.661791207746366150e-10
2.481274094326739291e-10
2.313145470720409641e-10
2.155877229070906466e-10
2.010363174452735448e-10
1.873770627318766110e-10
1.747517623939916706e-10
1.629195882599075537e-10
1.519425953042765267e-10
1.416730865226302351e-10
1.321164673199578435e-10
1.232273392315558670e-10
1.149300157704337217e-10
1.072209606803000293e-10
1.000069199491317573e-10
9.331232685412184371e-11
8.701282316066070516e-11
8.121584778785460305e-11
7.576803143466409714e-11
7.065771226940015198e-11
6.601893851275005831e-11
6.152935409037345791e-11
5.745751228244449677e-11
5.364444242895100533e-11
5.007786701336396839e-11
4.674524860406816206e-11
4.363399685540859219e-11
4.073161356353940251e-11
3.802582519325272389e-11
3.550467871948231010e-11
3.315661534041613465e-11
3.097053070968372276e-11
2.893580558550696965e-11
2.700040704721075462e-11
2.524241581862093115e-11
2.357207047698555297e-11
2.202178254567106189e-11
2.055412948652442841e-11
1.919460868635357653e-11
1.793479718761578779e-11
1.676692034999339710e-11
1.566434639810768777e-11
1.462576780393799216e-11
1.366549243974921956e-11
1.277701696117848515e-11
1.192786026713829389e-11
1.115601729785343724e-11
1.041967538078506739e-11
9.739931957351533357e-12
9.102787833536368804e-12
8.506226852636225818e-12
7.948204139898272825e-12
7.426663266940358486e-12
6.939571921498706011e-12
6.484930389911538181e-12
6.060796758330543952e-12
5.665289130564771426e-12
5.296602703525019490e-12
4.949153980896948819e-12
4.625846363085926243e-12
4.325019753306473896e-12
4.042213174788465738e-12
3.776742428315368680e-12
3.530272879414430795e-12
3.299204693304415415e-12
3.084798085121323856e-12
2.882164992057723938e-12
2.694390199904388652e-12
2.518799842162185457e-12
2.353354191588614684e-12
2.198992771955441485e-12
2.056161350418308999e-12
1.920828119641522107e-12
1.795745036393292380e-12
1.677493375752443434e-12
1.567508714950743614e-12
1.465213064763790908e-12
1.368787039910571491e-12
1.279229473225473517e-12
1.194976511365473756e-12
1.116804352787048692e-12
1.043373935311508177e-12
9.744925077887541048e-13
9.103194937933581310e-13
8.505477597007224245e-13
7.945858520300137866e-13
7.419655593650953192e-13
6.930623926768046912e-13
6.473846836240692357e-13
6.045396443907823108e-13
5.645874144715973505e-13
5.271773967521218688e-13
4.921823058351492808e-13
4.596152791415914574e-13
4.290560548290474815e-13
4.005350709102332208e-13
3.739311744194515112e-13
3.490312822300216790e-13
3.257486753064720253e-13
3.039969505193279330e-13
2.839795489697726089e-13
2.646796272317535124e-13
2.471397034807179308e-13
2.306157139990416363e-13
2.150791804323943012e-13
2.004968527098361168e-13
1.872390093560987175e-13
1.744135163002623054e-13
1.627636925874945003e-13
1.518490057271380807e-13
1.416350103424124016e-13
1.320866677102709429e-13
1.229393458798778991e-13
1.146379309379129909e-13
1.068957969628530924e-13
9.967965531068982883e-14
9.280114551244619779e-14
8.655563609460666447e-14
8.061300105430550580e-14
7.509730333927651942e-14
6.997837503674350436e-14
6.522789620749300185e-14
6.073188261112872489e-14
5.656900256727155133e-14
5.271380798799198387e-14
4.907733343799627876e-14
4.571514956644871921e-14
4.255152191684629473e-14
3.963005244917045190e-14
3.688649150375270451e-14
3.431490784375888523e-14
3.194499391143067747e-14
2.972636210448108191e-14
2.768233174626974814e-14
2.574334497932957534e-14
2.395994503067845042e-14
2.229581597832597031e-14
2.074452338838556132e-14
1.928136530718778308e-14
1.793842723798997254e-14
1.668939811875692928e-14
1.551472934867125579e-14
1.443729255066829721e-14
1.341422285727357045e-14
1.247708390144462883e-14
1.159914224719647094e-14
1.078641961520726287e-14
1.002653877001520849e-14
9.317117272277031148e-15
8.661841057482315079e-15
8.050846581062572055e-15
7.481760677452578998e-15
6.952223189908610671e-15
6.459897472307494247e-15
6.002506350892669927e-15
5.577834613453075433e-15
5.180682767430732784e-15
4.812661679394547760e-15
4.471743424909584451e-15
4.153730995013400744e-15
3.857465645094216754e-15
3.583629228814726586e-15
3.328834003623547536e-15
3.091970809359397103e-15
2.870577553138673861e-15
2.666477828764924547e-15
2.476005012044736821e-15
2.299517656097885696e-15
2.135129120056823433e-15
1.983016634152097432e-15
1.841536817471370782e-15
1.710067110140085452e-15
1.587383099026382747e-15
1.474176700939395314e-15
1.368694084195059757e-15
1.270982329779605645e-15
1.180092430464698601e-15
1.095630922720641485e-15
1.017544247067259295e-15
9.447528668115781420e-16
8.772597115159861803e-16
8.144649996285048030e-16
7.563252810241634870e-16
7.023109217218048875e-16
6.521697889019615732e-16
6.061494502772586734e-16
5.623844005900604392e-16
5.228404665994104040e-16
4.845866059873994174e-16
4.500735562809285592e-16
4.188497508135069293e-16
3.887343216283136484e-16
3.607106431455518783e-16
3.353931121158977034e-16
3.111390993679599367e-16
2.892366009039867856e-16
2.688650502916210926e-16
2.499332692456578272e-16
2.319129400565123868e-16
2.156381223933729820e-16
2.001817405190333874e-16
1.862154597524456864e-16
1.729749050430791100e-16
1.607375473562977918e-16
1.494276441366717587e-16
1.389744715334861905e-16
1.291168983697804890e-16
1.200263517555924086e-16
1.116404615657044185e-16
1.037576449493019570e-16
9.649676636691887991e-17
8.980517836900340905e-17
8.352817610533095287e-17
7.765228954393968707e-17
7.224904681956111332e-17
6.719766705295225458e-17
6.255380663259368672e-17
5.821626393762673991e-17
5.417018142949920879e-17
5.040032397523673679e-17
4.689135510416825550e-17
4.367114940424771968e-17
4.063436434460326368e-17
3.784937847774507862e-17
3.522808904475150498e-17
3.279595990780509694e-17
3.054003355955097479e-17
2.844801630282325258e-17
2.650827897121203620e-17
2.469043607204758180e-17
2.298969679678904580e-17
2.141680309862389112e-17
1.996179680119790091e-17
1.860240101473314837e-17
1.733376414222478495e-17
1.615099391195502756e-17
1.505891557688649163e-17
1.403238756743874667e-17
1.308540204786723723e-17
1.219671339119562580e-17
1.137073754236544990e-17
1.060328730638405825e-17
9.890372405824530686e-18
9.223332511061801649e-18
8.599961161911868323e-18
8.022026889155786089e-18
7.482501901031432755e-18
6.979251135273346050e-18
6.510164317301690045e-18
6.073182853752611465e-18
5.666307730981102944e-18
5.285376430303445231e-18
4.931198735595905074e-18
4.601960667093820522e-18
4.294268519539986316e-18
4.006963987738505562e-18
3.737517377260128228e-18
3.487688024367957292e-18
3.254858567251039426e-18
3.036935678046962101e-18
2.834122922774600874e-18
2.644567622682115178e-18
2.467553639647317357e-18
2.303075043946070896e-18
2.148967343191514589e-18
2.004748550393351005e-18
1.870978927073066202e-18
1.745436679280661468e-18
1.628655654751423683e-18
1.519647114350026198e-18
1.418675556813141888e-18
1.322810688151974553e-18
1.232685171974274456e-18
1.150800708511375716e-18
1.073761960382343655e-18
1.001406531363716208e-18
9.335537798345393922e-19
8.700108655862122419e-19
8.122438484138930272e-19
7.565580552035411665e-19
7.059591337652383031e-19
6.573590822414316591e-19
6.132072062505680302e-19
5.709261164340272663e-19
5.325125158783467796e-19
4.958170797120935390e-19
4.616942128187108517e-19
4.299732650301446167e-19
4.004921379525599323e-19
3.730977677576398802e-19
3.471187292284401997e-19
3.230426413793285893e-19
3.007281771564247323e-19
2.800441461415357029e-19
2.605104205495235149e-19
2.421128036901840375e-19
2.254157885645326403e-19
2.094220839244351442e-19
1.946680715754766726e-19
1.810505030403948860e-19
1.682755491655371782e-19
1.563125346281307974e-19
1.452917866847148569e-19
1.348347103530448165e-19
1.252199737157533633e-19
1.162504594059074728e-19
1.078924430648352248e-19
1.002123529028203153e-19
9.296721713075514003e-20
8.623488971553030394e-20
7.990930189138350833e-20
7.411541084085571761e-20
6.868095918288918747e-20
6.369854925091271013e-20
5.896817516693227283e-20
5.458541820752027632e-20
5.052570293623897816e-20
4.672872408471499485e-20
4.321712342048685323e-20
3.990859094446225646e-20
3.685608782378632317e-20
3.401462969524553930e-20
3.137291818892126368e-20
2.891973981316855818e-20
2.664406382879332253e-20
2.451843779375552574e-20
2.256744180585382925e-20
2.073537788512803988e-20
1.905741640106807664e-20
1.749790767962200986e-20
1.605110455434996256e-20
1.471113230288333699e-20
1.347209268715635395e-20
1.233534508467147793e-20
1.127992922825231988e-20
1.030825449711162412e-20
9.414871925637497263e-21
8.589853360669230978e-21
7.829656999091226590e-21
7.134410152748501379e-21
6.495979656554617222e-21
5.910918619928741534e-21
5.375848009158693327e-21
4.887466710936937346e-21
4.440505349209767334e-21
4.034452582329820799e-21
3.664674583501764684e-21
3.328889227308652197e-21
3.024854989295556332e-21
2.750380097227392134e-21
2.503347280331130089e-21
2.280865350903012754e-21
2.081318231060742731e-21
1.903753466678885428e-21
1.745243204670084763e-21
1.605573406313680369e-21
1.475628843340523007e-21
1.354988772639348116e-21
1.246763634463500322e-21
1.143071495791630569e-21
1.050217903880255544e-21
9.642979132107451301e-22
8.849261698567535082e-22
8.117125845949374043e-22
7.460948578386981711e-22
6.838489102704804496e-22
6.266424088780983932e-22
5.754243883567613725e-22
5.270955717466263710e-22
4.827910807273278332e-22
4.422005077973704221e-22
4.050315328201402788e-22
3.710103942216779391e-22
3.398813919393657241e-22
3.108090386524805153e-22
2.848305537472627409e-22
2.605968052114375466e-22
2.380724150628374198e-22
2.175843170652372194e-22
1.989437928011950203e-22
1.819793745072736989e-22
1.662655480278721398e-22
1.517481501329626578e-22
1.385819646265868812e-22
1.264430137754570014e-22
1.154442382055151475e-22
1.053196501015203217e-22
9.601641349819813962e-23
8.748153902049188724e-23
7.976972398465377122e-23
7.260428355438237038e-23
6.614073938943447071e-23
6.022850174054257090e-23
5.482580765556350028e-23
4.983334642576066523e-23
4.533936178978883619e-23
4.119461104249322812e-23
3.742376705015247683e-23
3.395953908309795947e-23
3.085125592696269125e-23
2.797085308430885760e-23
2.538998131701691712e-23
2.300526081771684417e-23
2.085037692487924841e-23
1.888503039316095541e-23
1.711105008716379333e-23
1.548129775489658619e-23
1.401322633618574837e-23
1.266827574100709234e-23
1.144895478386611040e-23
1.034444395930757891e-23
9.344665214697437115e-24
8.433578003721377474e-24
7.610792613519494997e-24
6.862862712097590032e-24
6.184082017585715884e-24
5.572996722472068863e-24
5.015818813891131163e-24
4.515304139648758624e-24
4.060162028013626544e-24
3.652013072512518743e-24
3.279543315803698723e-24
2.946269239355777280e-24
2.644670498793296901e-24
2.372174217402331234e-24
2.126328609037258554e-24
1.904819930703611041e-24
1.705475055330409916e-24
1.526269510681893929e-24
1.364577652699895058e-24
1.219595677932162867e-24
1.089121443899834229e-24
9.718786044480175880e-25
8.666670442448402438e-25
7.723686729828104355e-25
6.876139479939503162e-25
6.118611752704729582e-25
5.439620846736937944e-25
4.831948934070957149e-25
4.288856320485575794e-25
3.809155208097831021e-25
3.376692027908678589e-25
2.988071535467700441e-25
2.639875582304167963e-25
2.338090959864519574e-25
2.059489879241892945e-25
1.818740878630192175e-25
1.603985318710875324e-25
1.412835597419598112e-25
1.243035320448835009e-25
1.092480082091906891e-25
9.625599669578787627e-26
8.443143704746484829e-26
7.399698004024958852e-26
6.480139778922019567e-26
5.670736250050205812e-26
4.959088995085684124e-26
4.320596593887440239e-26
3.774018528689950159e-26
3.284933838218627105e-26
2.858066845704137837e-26
2.485712324092337227e-26
2.154977817762105104e-26
1.867785401526597122e-26
1.618483042190305207e-26
1.398369048677217689e-26
1.204841588078135647e-26
1.038036652977625942e-26
8.942638681317890773e-27
7.684072293499005675e-27
6.586219108231340267e-27
5.645365786938103299e-27
4.827351930583521452e-27
4.118291653913878109e-27
3.505468408221212184e-27
2.977258941717507242e-27
2.528873144532973709e-27
2.138551191220447361e-27
1.804670831942917744e-27
1.523008387678419521e-27
1.279809942823551525e-27
1.073176051226244586e-27
8.961332388784145851e-28
7.468983946865738467e-28
6.213854702593241337e-28
5.149754270022708916e-28
4.260038767925865651e-28
3.510476558779964134e-28
2.887264696142819924e-28
2.360844116619119962e-28
1.926504405012053633e-28
1.565750742664099535e-28
1.267316942544489553e-28
1.021432907088036900e-28
8.181327437991510625e-29
6.535444874392239209e-29
5.186271332050749680e-29
4.087613518818425279e-29
3.204699819284904962e-29
2.498442478688249611e-29
1.928974702797536875e-29
1.479691746386066947e-29
1.124970112671287356e-29
8.471664191020332689e-30
6.313840450128513465e-30
4.644122520721641369e-30
3.373764774826872462e-30
2.417643779716013011e-30
1.702738670491303069e-30
1.176345460459800343e-30
7.951821223227450653e-31
5.243674691419408887e-31
3.360609931714835600e-31
2.083003100554913792e-31
1.238092715893883646e-31
7.012717259846931115e-32
3.735239787519931908e-32
1.838389398615649161e-32
8.179621196614163954e-33
3.163474396731317579e-33
9.972942831279127137e-34
2.306440456346778195e-34
2.919491880307253437e-35
2.061856439653381512e-36
0.000000000000000000e+00
