4.541462880292667170e-08
4.230352425953513679e-08
3.944553444794552420e-08
3.679664783360689785e-08
3.428727631943734974e-08
3.196037085787272084e-08
2.983247396134060658e-08
2.779282396840364904e-08
2.593282466867413093e-08
2.420046599196109283e-08
2.257577128032965961e-08
2.102298683277610349e-08
1.961155050561243816e-08
1.826431082339909370e-08
1.707005429932973465e-08
1.590059595344962504e-08
1.483853514778622607e-08
1.380515232942672276e-08
1.288858679125386149e-08
1.199848223228335796e-08
1.119118013248932207e-08
1.042613127601582437e-08
9.731577190664707561e-09
9.061329849666731547e-09
8.441934276638559328e-09
7.868685124643743386e-09
7.329081549498598851e-09
6.830449188197896907e-09
6.361766480019453302e-09
5.929264788835088050e-09
5.523089802450442886e-09
5.143028493604331435e-09
4.792110078871314384e-09
4.459639587617834971e-09
4.152904345241149018e-09
3.867356085544391141e-09
3.600063996791455851e-09
3.351962574023440564e-09
3.122766367106939243e-09
2.905007869974856919e-09
2.704068649581059214e-09
2.516272264754024295e-09
2.342865550322490449e-09
2.179398143886579791e-09
2.028529685126085452e-09
1.888281265535268334e-09
1.757401300940493967e-09
1.634845902600554238e-09
1.521774130494431083e-09
1.416136326861680500e-09
1.317784780294673960e-09
1.226157950288442844e-09
1.140967978207458603e-09
1.061763913032999068e-09
9.882036796724278067e-10
9.199040713303313483e-10
8.560353965071158727e-10
7.968370021460226841e-10
7.419770671892482739e-10
6.904201163395119603e-10
6.427293241315426658e-10
5.986090315771333526e-10
5.572493075974046328e-10
5.187890917906579499e-10
4.830463018685639471e-10
4.498450404814031762e-10
4.190168114626631760e-10
3.900747391237872739e-10
3.634010299401981441e-10
3.383995857720664492e-10
3.152481153499254209e-10
2.936983818306437531e-10
2.735528440391257611e-10
2.549243000793283375e-10
2.374485698247098621e-10
2.213056214149930576e-10
2.061861241579930474e-10
1.921681168943547790e-10
1.790617753667779295e-10
1.668729041561327291e-10
1.555425063388672808e-10
1.449731163011761834e-10
1.351592907943424653e-10
1.259814564269553490e-10
1.174698872853773132e-10
1.094657533457492001e-10
1.021048366115702100e-10
9.519169177532483771e-11
8.871099691096860897e-11
8.283205103484119759e-11
7.714583151946926033e-11
7.199202997466768154e-11
6.716884324695815501e-11
6.266034347583855954e-11
5.845029869700363871e-11
5.452243807768830041e-11
5.086063426426298682e-11
4.744907265050865893e-11
4.427237050546332861e-11
4.131567063371278725e-11
3.856471501685171928e-11
3.600588328048313746e-11
3.357355073456743640e-11
3.136561703833669410e-11
2.926912520866212406e-11
2.732459722276779428e-11
2.548493526582253970e-11
2.378194948606524287e-11
2.220491137184055511e-11
2.074392581015284598e-11
1.936555188234626078e-11
1.806806001552480691e-11
1.686920871225326010e-11
1.576074819942136256e-11
1.470206995646122666e-11
1.374044708326276975e-11
1.282369070492728737e-11
1.197799491224037752e-11
1.118585758161282550e-11
1.044470459522860568e-11
9.751930128487083775e-12
9.104918304027998170e-12
8.501087568318015516e-12
7.937901329104836827e-12
7.412899124019563932e-12
6.923699339767885785e-12
6.468020160764597120e-12
6.038919381823933014e-12
5.639943051558835235e-12
5.268999091561931127e-12
4.920550195612047760e-12
4.593722543716199487e-12
4.290532386814315397e-12
4.006518741293024436e-12
3.743199744038701076e-12
3.494545519218265740e-12
3.264316052876486765e-12
3.049205722892416951e-12
2.846694549321641278e-12
2.657912022681224415e-12
2.483379558008456142e-12
2.318151483595635840e-12
2.165569695097500296e-12
2.021446241826867768e-12
1.887515475025855687e-12
1.763056240667471476e-12
1.645840800115491498e-12
1.537069915862353867e-12
1.434831170148611888e-12
1.340054190577524988e-12
1.251103654817036898e-12
1.167736305767238450e-12
1.090134996308981347e-12
1.017918173589610936e-12
9.503621982185458456e-13
8.868942304111580688e-13
8.279594694607847634e-13
7.729576756285416915e-13
7.214093324695124885e-13
6.733806070605573831e-13
6.284441442106024429e-13
5.864417616007545894e-13
5.473840238132308255e-13
5.107622116503407154e-13
4.766085966051871780e-13
4.447739708972976109e-13
4.149996584656565368e-13
3.871786231075585201e-13
3.612045029977248940e-13
3.373169748915745054e-13
3.143003234762299338e-13
2.933955205525439675e-13
2.737131581207093009e-13
2.552175523117123242e-13
2.378674475386188898e-13
2.221014301611086616e-13
2.068571501485226516e-13
1.930168339993996544e-13
1.800556314254612643e-13
1.679315776973796317e-13
1.566021140845518735e-13
1.457525075527756311e-13
1.359096192621452417e-13
1.267327283637966686e-13
1.181817433254125730e-13
1.100329656336186471e-13
1.026358063168949199e-13
9.559880615390725937e-14
8.906853249951248565e-14
8.300892289155584923e-14
7.738616470535775232e-14
7.206511346380254487e-14
6.713867982568865213e-14
6.257657259558504393e-14
5.827337736991101961e-14
5.429474134026096440e-14
5.055095594748958237e-14
4.709355054548291709e-14
4.384644030060116027e-14
4.080256463270962448e-14
3.799705185225483710e-14
3.537024761886088608e-14
3.294976795944260207e-14
3.065325062714284437e-14
2.854057321779910810e-14
2.656874611407893861e-14
2.473017289669314829e-14
2.299560072831554358e-14
2.140310469442791430e-14
1.992153400226334624e-14
1.852773565054589489e-14
1.724889241648787419e-14
1.603416682307781632e-14
1.492107545964195803e-14
1.387791477323679712e-14
1.291188114221658326e-14
1.200830492547690646e-14
1.116438972594311715e-14
1.038456232224217111e-14
9.657125666047100036e-15
8.979290275878705027e-15
8.348280411428586835e-15
7.761346597320056892e-15
7.215807998445097142e-15
6.709055481085939046e-15
6.234913629697867373e-15
5.795333880828210405e-15
5.387923962829798951e-15
5.007694735868338506e-15
4.653284095293804741e-15
4.325532362131555286e-15
4.020408461704080433e-15
3.736605067979071569e-15
3.471190971911520148e-15
3.226371894003656113e-15
2.997768613637710236e-15
2.785828215002362712e-15
2.588301350955587472e-15
2.405416517733389806e-15
2.235212872414471073e-15
2.076954910942810522e-15
1.929181051121894048e-15
1.792737239750140262e-15
1.665521781471531635e-15
1.547602338141874342e-15
1.437844187085567531e-15
1.335781739527273393e-15
1.241359930598150560e-15
1.153282177435530421e-15
1.071560045098603663e-15
9.954750050919806573e-16
9.249817778104127923e-16
8.594451955431392825e-16
7.985657542594864593e-16
7.426507505096320616e-16
6.894385524676143819e-16
6.413247001251209107e-16
5.947473107562099937e-16
5.526943641434351240e-16
5.146224731144741469e-16
4.778760267115462576e-16
4.436571478884718073e-16
4.127205236662836979e-16
3.830622247881000788e-16
3.562601890516944892e-16
3.313139839721563716e-16
3.081145598602319507e-16
2.860164168211813112e-16
2.660447504357131834e-16
2.470642626366665398e-16
2.299018595854457637e-16
2.136202918232593083e-16
1.985622445599027161e-16
1.846363069261827282e-16
1.717570291572008997e-16
1.596039511951944789e-16
1.483896100078250096e-16
1.380384020481198521e-16
1.283025471698310384e-16
1.193298234456063747e-16
1.110562013934050693e-16
1.032912249168682842e-16
9.601888621913904268e-17
8.932842010448117813e-17
8.307091844655996317e-17
7.731590664129412860e-17
7.193849130448879649e-17
6.692068030084184282e-17
6.224396792807491637e-17
5.788968399035731204e-17
5.389275338152023867e-17
5.012270493597153890e-17
4.666466687942066021e-17
4.340945946027906668e-17
4.038887875926425926e-17
3.758699011479265757e-17
3.498865346252678326e-17
3.257953174887150921e-17
3.032197214056537203e-17
2.821009854401163669e-17
2.625730078155641040e-17
2.445124674595582410e-17
2.276430586194084442e-17
2.119047459003837348e-17
1.972368768766386332e-17
1.836991648893860011e-17
1.709797907022125668e-17
1.592519054525621503e-17
1.482520782463790888e-17
1.380346831254261152e-17
1.285474847890489033e-17
1.197406810075484200e-17
1.115068374658653738e-17
1.038183076582340933e-17
9.669637455989775909e-18
9.005388202837485295e-18
8.386402949273959251e-18
7.810032908567841099e-18
7.273692908128814092e-18
6.774872962981322429e-18
6.308417057462466116e-18
5.875263489935144760e-18
5.473134270032655475e-18
5.097830103931733176e-18
4.747887688716147455e-18
4.420178960584081105e-18
4.116792170524817440e-18
3.834494133032789435e-18
3.570699424494772463e-18
3.325607812208228534e-18
3.096933554185566632e-18
2.883769605510030401e-18
2.686063339930035085e-18
2.501170927531765689e-18
2.328476938579275700e-18
2.168611540353763539e-18
2.018881159734752704e-18
1.879887338779484382e-18
1.750416742730496008e-18
1.630746679002605983e-18
1.517370386715628229e-18
1.411013577143922605e-18
1.314593223454778291e-18
1.224077703413377222e-18
1.139254596444662711e-18
1.059890505458132894e-18
9.857382520675251708e-19
9.184806807758563938e-19
8.537959298638610981e-19
7.951568714426760220e-19
7.389657678978592196e-19
6.880371740008144600e-19
6.393805735391333637e-19
5.952779220372236700e-19
5.532457894265584124e-19
5.142517576512922004e-19
4.780865194677858152e-19
4.445519746757980573e-19
4.134616327655432939e-19
3.840440566005526870e-19
3.568424080159028864e-19
3.316865352840687633e-19
3.084189585987712453e-19
2.864921328733121796e-19
2.658843220179271226e-19
2.472200109130696795e-19
2.293780412969920442e-19
2.129519423533627279e-19
1.978204555535215856e-19
1.836520939997978995e-19
1.704088571538079825e-19
1.582307466527664875e-19
1.466958847014740519e-19
1.361084540560065303e-19
1.262479707798454996e-19
1.170746211986266566e-19
1.086585134059975919e-19
1.007310938835749495e-19
9.337568173195716154e-20
8.647462267972127088e-20
8.016245095555271677e-20
7.424985714465315679e-20
6.883455186993808961e-20
6.369635456425751269e-20
5.893841367487938861e-20
5.453337005295760133e-20
5.041523410725055826e-20
4.660809092774404411e-20
4.302231242643342618e-20
3.971496877909786922e-20
3.663702721370842013e-20
3.377601956372314452e-20
3.111961409912532645e-20
2.865571745561971595e-20
2.635449431130985403e-20
2.424246992878492042e-20
2.225929046510853662e-20
2.044299052256242937e-20
1.875496221920440102e-20
1.718898189575765538e-20
1.573870098111938109e-20
1.439775516186260088e-20
1.316764198171338605e-20
1.202571177170213147e-20
1.097460933684413029e-20
1.000847676272310058e-20
9.116617034036804636e-21
8.295242037122319904e-21
7.544523928626224439e-21
6.855709667118868244e-21
6.225109186292262818e-21
5.649101750036898951e-21
5.124147796708306658e-21
4.644594343569960078e-21
4.209894893754364295e-21
3.815079455610195434e-21
3.457699243576398630e-21
3.135343651919572308e-21
2.845651273741210699e-21
2.586335753215433154e-21
2.354305490939627517e-21
2.147812400062592313e-21
1.965781566532279773e-21
1.805114379570941907e-21
1.665108875958281418e-21
1.534786992481164097e-21
1.413519791595277926e-21
1.304479214632925564e-21
1.199755739505605038e-21
1.105747282662199276e-21
1.018541782662335431e-21
9.377763140013038064e-22
8.630817420912113283e-22
7.959594510728478659e-22
7.321140721103359654e-22
6.732731887627892891e-22
6.204432459036281605e-22
5.704501895063462883e-22
5.244841372053107230e-22
4.822442375005527877e-22
4.434463485508456149e-22
4.078235974978349444e-22
3.751260092907473360e-22
3.444895815210308668e-22
3.170232598316027408e-22
2.913160674106889820e-22
2.673396136263771335e-22
2.454536149582768711e-22
2.254699472664207031e-22
2.072172240439955566e-22
1.902474292288230794e-22
1.745098297657893960e-22
1.601813419368299358e-22
1.469182047032693969e-22
1.348520044009788808e-22
1.236988043345869213e-22
1.134067170161558836e-22
1.039233030902799028e-22
9.531611802474241854e-23
8.728204682345485370e-23
8.000077510198746268e-23
7.330853364454294310e-23
6.716285456712767747e-23
6.145484869306204975e-23
5.628983111126541723e-23
5.150057956874724265e-23
4.711918105131279063e-23
4.307168996190379735e-23
3.941982104737371720e-23
3.601633074833924160e-23
3.294885637248194883e-23
3.009745719887178642e-23
2.750488158399598825e-23
2.512530904589268517e-23
2.296344060072012752e-23
2.096402799445532029e-23
1.915054937170939527e-23
1.747739061731986059e-23
1.594942634686380665e-23
1.455494364883218063e-23
1.328296055411626801e-23
1.211461915232737847e-23
1.105089048997033361e-23
1.007581309864826104e-23
9.183210039114757292e-24
8.372466957096413703e-24
7.626456456269703995e-24
6.949976603179517172e-24
6.328835364263957581e-24
5.766253352480873921e-24
5.247555511200759050e-24
4.778509764218859963e-24
4.349414939494299974e-24
3.957365032590784700e-24
3.599557454791423392e-24
3.273321625214058880e-24
2.976121280702602043e-24
2.705571779157153732e-24
2.458287067656627805e-24
2.233589079275743032e-24
2.028591721347846694e-24
1.841771741310375271e-24
1.671677306426318959e-24
1.516940173401798494e-24
1.375716820389151543e-24
1.247489521264093302e-24
1.130681602253387882e-24
1.024389206625495223e-24
9.277548874910936523e-25
8.409031696278185248e-25
7.612101553864181369e-25
6.882773427021717247e-25
6.216866041674884359e-25
5.628552877358842587e-25
5.074612469562683538e-25
4.586093356405422302e-25
4.141251255534449460e-25
3.736834991166952709e-25
3.369696349000975680e-25
3.036833951058222945e-25
2.743050599280759735e-25
2.469437808438832922e-25
2.222158239641358168e-25
1.998860920298237107e-25
1.797363868549222174e-25
1.615655378576620806e-25
1.448315680062604083e-25
1.301207904144429024e-25
1.165975791381054108e-25
1.044631652054369303e-25
9.357683567013583119e-26
8.362526576905725457e-26
7.472597236729612311e-26
6.676750363061133512e-26
5.952446056611628247e-26
5.295445753293056873e-26
4.710901856270231856e-26
4.190687640993139487e-26
3.720275424938614599e-26
3.296072754161669478e-26
2.920096447906178370e-26
2.581885527383149279e-26
2.278384226166541280e-26
2.006657344110816667e-26
1.763914339585318992e-26
1.550281350972700533e-26
1.357400932921170326e-26
1.186155264773538433e-26
1.036199395777715599e-26
9.017516658578645986e-27
7.830760597427893773e-27
6.773956224249682496e-27
5.848388722873285824e-27
5.039611348525448212e-27
4.327035140631125336e-27
3.707685553412255450e-27
3.165199115948144654e-27
2.696176926050226697e-27
2.284116983259519625e-27
1.930410607651829889e-27
1.624795153561952378e-27
1.361759778416508086e-27
1.136283231495959529e-27
9.422966208736694973e-28
7.788931337732010653e-28
6.395538383538551712e-28
5.215050816498025142e-28
4.228231827851144006e-28
3.407360402751536147e-28
2.719220864590439794e-28
2.154810683260994747e-28
1.691798400950402743e-28
1.315089347086887341e-28
1.011288733022682321e-28
7.672405856020943893e-29
5.746090792865198641e-29
4.242362057259432574e-29
3.077225790766811656e-29
2.188294495559043495e-29
1.521963781777072952e-29
1.031977253327051280e-29
6.797145491966382509e-30
4.327065842453872479e-30
2.640202368165244194e-30
1.534335096157063169e-30
8.378348497074339351e-31
4.228127485794485084e-31
1.925625214490394962e-31
7.641849370500955890e-32
2.460191667606950616e-32
5.887410298784857092e-33
7.618622517219556030e-34
5.525286573998651583e-35
0.000000000000000000e+00
