4.593624087731285866e-08
4.282869992522335857e-08
4.000708868089265294e-08
3.735762229232463058e-08
3.488128224225543675e-08
3.255062277939666171e-08
3.045205963233235216e-08
2.840577153708936386e-08
2.657196684272680750e-08
2.483014289663937582e-08
2.322861672008330767e-08
2.166425529124506576e-08
2.027301092757317976e-08
1.891213548917135483e-08
1.773520690237021435e-08
1.655037036685961913e-08
1.550298927340267062e-08
1.445270327634699223e-08
1.354825300674050741e-08
1.264000036460496093e-08
1.184232130391614031e-08
1.105815205962050938e-08
1.037097370189611030e-08
9.680761025136490894e-09
9.066366090025087712e-09
8.472663953072471808e-09
7.935963909869681633e-09
7.416459054180854493e-09
6.948747116609268393e-09
6.495151124475211183e-09
6.088191231818620831e-09
5.686823452588250491e-09
5.333541234782651253e-09
4.979730126256668675e-09
4.669050903512606754e-09
4.362485596061745686e-09
4.089861592122697269e-09
3.821047341161131100e-09
3.585503140992953815e-09
3.347312337818543753e-09
3.138850482165772091e-09
2.931233107770346258e-09
2.749502173166687284e-09
2.566791581486844321e-09
2.406834899091712634e-09
2.248203469682408244e-09
2.107675874923078234e-09
1.967413263504047894e-09
1.844334558599539615e-09
1.721915860259068572e-09
1.613262205109135387e-09
1.505745584468579444e-09
1.410159652929216442e-09
1.316043204203775634e-09
1.232178517709871067e-09
1.150005653926674862e-09
1.075996217451517869e-09
1.003920883504001775e-09
9.393332962152112423e-10
8.758556323660566559e-10
8.188211733166190390e-10
7.639138447586920460e-10
7.137120725778767678e-10
6.653904065335539364e-10
6.213995419657235498e-10
5.793219408190466140e-10
5.408956654761038473e-10
5.039410712332906510e-10
4.703128222212749914e-10
4.381853884192435312e-10
4.087096928137029773e-10
3.808748792958809326e-10
3.550179800824740198e-10
3.308630344335880328e-10
3.082925452959643360e-10
2.873054016191485551e-10
2.676925436579458275e-10
2.494408858836169039e-10
2.323952310765488837e-10
2.165172824886413989e-10
2.017660174890882825e-10
1.880014962982986039e-10
1.752264365053113331e-10
1.632831936465564770e-10
1.522120663258929802e-10
1.418057872554146102e-10
1.322400778719091759e-10
1.232601637375943348e-10
1.148455543011369650e-10
1.072153493434508084e-10
9.983817366909787991e-11
9.315428197088772682e-11
8.690140792941538933e-11
8.105852632746811695e-11
7.560424208691381426e-11
7.051715749668005545e-11
6.577608248760591505e-11
6.136027747174459970e-11
5.724958185435612572e-11
5.342455489239047210e-11
4.986655019998838425e-11
4.655777834154341333e-11
4.341324352430376527e-11
4.055937218287391641e-11
3.785002907291500271e-11
3.533748852893119633e-11
3.296080154707815973e-11
3.076098778863264544e-11
2.872410624361804220e-11
2.683731167528698425e-11
2.505736133408253009e-11
2.338198048296451294e-11
2.183405805518349383e-11
2.040290554666651767e-11
1.903606472124088283e-11
1.779454473521157347e-11
1.661094613151245173e-11
1.551907135590468704e-11
1.449631102013902854e-11
1.353933160993212679e-11
1.264476120656058251e-11
1.180921692639351850e-11
1.102936251280718088e-11
1.030192100521042033e-11
9.623715702181722040e-12
8.991672343084368140e-12
8.402847099526709132e-12
7.848272479845056407e-12
7.332536357813368018e-12
6.852941258516599882e-12
6.402334589018180221e-12
5.979591599013386872e-12
5.587328187348270869e-12
5.219780903246151885e-12
4.878923105132017289e-12
4.556956798426528166e-12
4.258758568449165662e-12
3.980056205428289299e-12
3.717592081031476800e-12
3.472837495898000986e-12
3.246478230050900834e-12
3.032107753033879984e-12
2.834069661115862350e-12
2.646936209132774982e-12
2.472966428832150134e-12
2.311232088992303731e-12
2.158845397047181707e-12
2.017374256057541314e-12
1.884338364414197205e-12
1.760954143670151073e-12
1.645099448769556130e-12
1.536463041839945896e-12
1.435289241698262707e-12
1.341087022365870999e-12
1.252918166182728273e-12
1.170039990992634552e-12
1.093038957086969009e-12
1.021136298341649197e-12
9.537096796727192450e-13
8.908502190565207129e-13
8.320029198915681715e-13
7.769647460699105897e-13
7.257536186235265695e-13
6.777064118051234490e-13
6.328689129010747431e-13
5.910488708594779208e-13
5.519097538604302851e-13
5.153139123462416333e-13
4.811244131742260077e-13
4.496600576774658523e-13
4.193217360414231139e-13
3.917475451718999133e-13
3.657673927920460156e-13
3.413360202879430881e-13
3.184008786964678422e-13
2.975443053941612691e-13
2.773627901306257800e-13
2.590259307009892433e-13
2.418406942206384591e-13
2.257529773937756201e-13
2.107078367663296026e-13
1.962883416352768604e-13
1.831961781225741020e-13
1.709799784984769256e-13
1.595876808824777609e-13
1.487221834995012861e-13
1.388506044656501544e-13
1.294517257669613489e-13
1.207221615060179180e-13
1.126147788628252583e-13
1.050853651211241946e-13
9.795370650569481858e-14
9.134507908381021653e-14
8.521972838127010739e-14
7.943681692889941031e-14
7.408520897021844434e-14
6.904488805154622143e-14
6.438582744684388990e-14
6.000609045255653718e-14
5.589661096854632809e-14
5.210535687038863358e-14
4.855223056814892801e-14
4.527506771773998481e-14
4.216275018738640818e-14
3.929679906030425976e-14
3.661932004698200159e-14
3.412034074414880493e-14
3.176038404563204605e-14
2.959157195378527588e-14
2.757182454483194579e-14
2.566982987302882521e-14
2.392295027418650484e-14
2.226197689099989724e-14
2.073842403718888304e-14
1.930913661480311318e-14
1.798417115929334738e-14
1.674359782057077454e-14
1.558373825225172042e-14
1.451084910043616245e-14
1.350900132339936155e-14
1.257449281132749121e-14
1.170363051303393649e-14
1.089274726324565366e-14
1.013826062544144171e-14
9.436676435992877679e-15
8.779545235746875082e-15
8.169666291577436205e-15
7.603818967990117267e-15
7.075158932468186984e-15
6.581867705813181702e-15
6.125191373793980170e-15
5.699586611191277596e-15
5.303293087522851007e-15
4.932275125674276335e-15
4.589673269758411834e-15
4.269414780797981731e-15
3.972173887546210392e-15
3.694842605661762227e-15
3.437784943412374750e-15
3.198286502313652505e-15
2.975348876933468817e-15
2.766946660043133668e-15
2.574306103357285642e-15
2.394491869866683733e-15
2.227627949498174265e-15
2.072135761374841534e-15
1.927380227960780095e-15
1.793307542162711470e-15
1.668098827325877732e-15
1.551790391050635568e-15
1.443378807196403345e-15
1.342817571036553802e-15
1.249217822110985286e-15
1.162167349857168049e-15
1.082121858696247788e-15
1.005855627153398320e-15
9.368150256207341498e-16
8.698993047545176505e-16
8.094107908877866540e-16
7.545840476606938138e-16
7.016032863896970126e-16
6.522068163316384094e-16
6.074946387948738494e-16
5.645781470166650553e-16
5.257475571239808309e-16
4.895621593029541392e-16
4.558698204617631654e-16
4.237374467896067190e-16
3.946613157181888263e-16
3.669941417614568511e-16
3.419461880102428372e-16
3.181544261599219893e-16
2.961230207960575021e-16
2.757225341418781512e-16
2.568317502020810729e-16
2.389836584614421475e-16
2.224932554213811933e-16
2.072527616555090782e-16
1.928999727159988365e-16
1.796552087491128464e-16
1.674267652385215676e-16
1.559353413461504360e-16
1.451589546681257408e-16
1.352318431578032217e-16
1.259349861678999884e-16
1.173734570896577702e-16
1.093631453030729069e-16
1.018785976494241314e-16
9.489350677098794701e-17
8.838124741629033627e-17
8.239540794615468794e-17
7.674172930357772909e-17
7.154891030776403462e-17
6.665402240359043571e-17
6.210569835394860866e-17
5.788086521869716142e-17
5.395754912113316845e-17
5.031491094912975862e-17
4.689669042601977097e-17
4.369456364266117470e-17
4.072945346561988174e-17
3.798329233394134220e-17
3.541461830193789503e-17
3.301475998050728906e-17
3.077492021714999455e-17
2.870469123538218201e-17
2.675679869049525073e-17
2.495814324241501976e-17
2.326869400085507892e-17
2.169711932489498603e-17
2.023571780485698321e-17
1.887713050998686891e-17
1.760505688221415810e-17
1.641546413196030331e-17
1.531189386903200520e-17
1.428107647239664465e-17
1.331906030112195071e-17
1.242192546268935748e-17
1.158583676543558797e-17
1.080705891128449773e-17
1.007770146054887504e-17
9.399381715905965053e-18
8.768685559765821983e-18
8.179161843318237770e-18
7.628633438422082621e-18
7.112288330407043861e-18
6.633528040658773507e-18
6.187361126237774967e-18
5.769795903399293227e-18
5.381237651947356633e-18
5.018148193759560983e-18
4.679164085119240647e-18
4.364278259089030577e-18
4.069349163909992227e-18
3.793455163092146796e-18
3.537665428608742075e-18
3.297727073366697796e-18
3.074655486344728809e-18
2.866554054503350527e-18
2.673917793206203636e-18
2.491140779182384931e-18
2.319423423814786106e-18
2.163519392765547854e-18
2.016951340525527152e-18
1.879402372589305772e-18
1.750520602506195384e-18
1.629930208518072618e-18
1.520399120718032440e-18
1.414911764929103192e-18
1.319151998181296218e-18
1.227265007974980996e-18
1.143871488330214598e-18
1.064092573008753209e-18
9.916857973682605720e-19
9.225894766408505409e-19
8.584052755208749165e-19
7.988022772006964037e-19
7.434665834158633213e-19
6.921019230157335642e-19
6.434425939774535178e-19
5.983952523293553926e-19
5.566875649465587836e-19
5.180669877766609317e-19
4.816312950895466263e-19
4.473495350090126933e-19
4.162673864828016543e-19
3.865233393235096765e-19
3.591110476111043919e-19
3.338336524778886765e-19
3.101417014446549869e-19
2.879751204698842451e-19
2.675719228841242022e-19
2.482283692034318890e-19
2.304573328754015457e-19
2.138917316264421235e-19
1.984670725311622921e-19
1.843037099530804184e-19
1.709517333072040986e-19
1.585531281605410342e-19
1.469111596551437685e-19
1.362544019420779151e-19
1.262647527989785916e-19
1.171089561342568454e-19
1.084161800395076417e-19
1.003617644013708409e-19
9.290032454737541746e-20
8.592087094302047451e-20
7.946492190735022960e-20
7.338110034465779482e-20
6.776677625471165439e-20
6.253926945349321711e-20
5.767785627309523457e-20
5.316200874694547153e-20
4.897154153557366487e-20
4.505604487675667048e-20
4.146095717235509820e-20
3.808382128454831722e-20
3.498964085371484785e-20
3.211288453910904517e-20
2.944312692265936690e-20
2.696971831206349819e-20
2.468195545059339003e-20
2.258254347909962517e-20
2.063294940666223217e-20
1.883779765388577571e-20
1.718718417159605063e-20
1.566292301615325150e-20
1.425861378980423574e-20
1.297462508547465616e-20
1.179605238251510287e-20
1.071663991906004148e-20
9.730243042034852560e-21
8.830849991954716294e-21
8.008819383177997649e-21
7.263255466017699617e-21
6.585674665110997321e-21
5.971909841116165458e-21
5.417857573393704812e-21
4.919494629524237171e-21
4.472925388399707805e-21
4.072860182774655897e-21
3.716319696219442536e-21
3.401487050256633982e-21
3.123043438201921585e-21
2.879919067843389659e-21
2.653581449356590477e-21
2.443004775516335912e-21
2.253693573943338924e-21
2.071913622177365901e-21
1.908768214223924791e-21
1.757463629669636849e-21
1.617367378545817057e-21
1.487835944391700801e-21
1.371468310995933774e-21
1.260814196437641177e-21
1.158865940526361491e-21
1.067362218524755757e-21
9.808020204318826628e-22
9.012434085203624103e-22
8.281621238909546730e-22
7.610627618474348962e-22
6.994803705656016930e-22
6.429791887241224774e-22
5.900637487493239244e-22
5.426460121469363927e-22
4.982868264016614476e-22
4.569353304766570209e-22
4.192093699200201723e-22
3.847815119541098336e-22
3.533535492894088707e-22
3.241517317109010882e-22
2.970869380935375644e-22
2.724611438758655064e-22
2.496813008274364898e-22
2.289713014201990164e-22
2.098417232501654753e-22
1.922019191671063786e-22
1.759603416684656334e-22
1.612308308647929595e-22
1.474930759520373890e-22
1.350528578872110363e-22
1.236286790348642700e-22
1.131466835897686308e-22
1.034199691765839564e-22
9.462672066328257889e-23
8.648097744660632080e-23
7.903627077221341007e-23
7.216566138778652634e-23
6.597268431156783916e-23
6.020668682636670730e-23
5.501526070967996718e-23
5.019455029153404905e-23
4.581609996121971040e-23
4.180174293216673207e-23
3.815868154975011678e-23
3.479317478648208022e-23
3.174414257768676767e-23
2.893431293126631871e-23
2.637137036034630634e-23
2.403514691920699390e-23
2.190675712472674459e-23
1.995421650333644534e-23
1.817874608882295861e-23
1.655331894428171716e-23
1.506730324313166996e-23
1.371933369008558296e-23
1.248063492415145089e-23
1.135888931264901023e-23
1.033029956890226656e-23
9.399949359277227667e-24
8.543350912694601805e-24
7.769822371895598679e-24
7.063163345211610823e-24
6.418416009758873524e-24
5.830811856728452505e-24
5.295813985890117224e-24
4.809123873453162864e-24
4.366706119199026835e-24
3.962908087976812071e-24
3.596515053215750396e-24
3.262721088564061542e-24
2.958957135545217871e-24
2.682779877398724643e-24
2.431891823660740050e-24
2.203235562497807707e-24
1.995910388047990207e-24
1.807308998289865476e-24
1.635920611290903180e-24
1.480315325882590117e-24
1.340645998484042908e-24
1.212651191230536393e-24
1.095660493840333680e-24
9.889752808819424305e-25
8.948340167922602857e-25
8.062969174956965172e-25
7.283055083649339228e-25
6.573647685826944970e-25
5.929392960605700936e-25
5.345119463787814659e-25
4.815912913406488602e-25
4.349265290227821029e-25
3.915034805181977769e-25
3.522920176913383308e-25
3.169106695061580398e-25
2.850061264859066582e-25
2.562532648067952158e-25
2.297893729375462622e-25
2.065367621628131502e-25
1.851703546000855646e-25
1.660048997612312391e-25
1.488151816070612048e-25
1.331042036574045827e-25
1.190556081985821534e-25
1.064919855005819595e-25
9.505634684013611654e-26
8.468091682990997249e-26
7.544647128918613836e-26
6.722444743107121207e-26
5.978510976623854349e-26
5.307165738510540075e-26
4.711624049295988088e-26
4.175359774613940463e-26
3.693564898522062177e-26
3.261633230852747880e-26
2.875187856686482320e-26
2.534512466492684001e-26
2.226352105520305064e-26
1.952186415088623601e-26
1.711556056335448058e-26
1.495272915225217255e-26
1.303837531524047326e-26
1.132854553444395063e-26
9.826157496012694340e-27
8.508749259710544169e-27
7.343663672271930422e-27
6.326909043493341457e-27
5.432472981282732654e-27
4.655575925922376958e-27
3.969635947837269366e-27
3.377695987476097270e-27
2.863335497066042749e-27
2.417955666016102462e-27
2.033703320321508386e-27
1.700827587138051902e-27
1.418365482322357255e-27
1.175611654761715880e-27
9.682222004118299731e-28
7.932998565608133333e-28
6.464066209736895667e-28
5.220072072415121496e-28
4.188609823017656215e-28
3.332567914190100166e-28
2.627400231202885144e-28
2.051080682525033759e-28
1.581455509739588842e-28
1.205003790977065407e-28
9.062390520524067147e-29
6.705596185727401067e-29
4.872335172872035193e-29
3.468744382178180204e-29
2.412588550349548489e-29
1.633832405728821364e-29
1.072384990124353566e-29
6.769458260701648450e-30
4.086003862221377619e-30
2.329171893977294017e-30
1.234542537790698874e-30
5.956364968230396372e-31
2.528410516839804417e-31
8.870464478835295220e-32
2.342120238129284544e-32
3.533012830749947182e-33
3.153717480353792572e-34
0.000000000000000000e+00
