2.995705962422022618e-08
2.793049437185042641e-08
2.609039656087496390e-08
2.436256204375191907e-08
2.274763088889537101e-08
2.122770450486475837e-08
1.985913842019748454e-08
1.852466321485255791e-08
1.732875785736115200e-08
1.619283722451706346e-08
1.514841098840041620e-08
1.412822153226486336e-08
1.322092939084449571e-08
1.233344217224026433e-08
1.156591485230965135e-08
1.079323040836388300e-08
1.011018675336016813e-08
9.425248681907748370e-09
8.835416555110339003e-09
8.243104732578338077e-09
7.722902845665802260e-09
7.211511309088284726e-09
6.763371830505253154e-09
6.313253537928716525e-09
5.912579356662800523e-09
5.525399866655805984e-09
5.175393969623683648e-09
4.836601816854640621e-09
4.531586122640282498e-09
4.235776062388304782e-09
3.970379470587497596e-09
3.708629743922697594e-09
3.478238744118313839e-09
3.247502831222597550e-09
3.044895133640036947e-09
2.844970302643285056e-09
2.667180100723883453e-09
2.491874407656758623e-09
2.338265590003978358e-09
2.182930805172666298e-09
2.046983585289248974e-09
1.911587089080531338e-09
1.793072288140956819e-09
1.673918609381124721e-09
1.569603763841161898e-09
1.466153174538875271e-09
1.374508898589149894e-09
1.283037430025775232e-09
1.202772348885512779e-09
1.122937687292292610e-09
1.052079820746151835e-09
9.819634648230327903e-10
9.196276403046719092e-10
8.582501306904627210e-10
8.035582498207497801e-10
7.499696815610882024e-10
7.017048462393931877e-10
6.547013249397716685e-10
6.125808952650304509e-10
5.711842958825480405e-10
5.339895960606261692e-10
4.981820923554451166e-10
4.654432906219982774e-10
4.339305894695979480e-10
4.052421960005025532e-10
3.778015264480728735e-10
3.527420483627912396e-10
3.286423187815756339e-10
3.067118464253011280e-10
2.857601222180210376e-10
2.665377140745491389e-10
2.483853979020198884e-10
2.315229673539415942e-10
2.157704561949177959e-10
2.010512393863533337e-10
1.873645923629797526e-10
1.745741779946309961e-10
1.626714626277653027e-10
1.515552352735716736e-10
1.412005209244232971e-10
1.315805669037072818e-10
1.226041122758106742e-10
1.142729293010516481e-10
1.064842110343167361e-10
9.926423798214104656e-11
9.247784195523933938e-11
8.623961869454665074e-11
8.038341849173667606e-11
7.489587854967372421e-11
6.991988355102080062e-11
6.510890016809263261e-11
6.075003800825921057e-11
5.667226157497603841e-11
5.286185939177865143e-11
4.930487877949638895e-11
4.598736534190141744e-11
4.289550009526387279e-11
4.001575783462927806e-11
3.733499094218758524e-11
3.484052124733609854e-11
3.252018861502036581e-11
3.036239176544550256e-11
2.831170117319443041e-11
2.645056512239295821e-11
2.468368234014085067e-11
2.304514323796613439e-11
2.149520026780369921e-11
2.006060416970462595e-11
1.873226339287774949e-11
1.750180098884450996e-11
1.634101644310803024e-11
1.524842629877589080e-11
1.423895744418344353e-11
1.330563943186498951e-11
1.241426191985971505e-11
1.160461168431966092e-11
1.083273455060169133e-11
1.012067459248660516e-11
9.453687225330244077e-12
8.829598516650600674e-12
8.246209488727344143e-12
7.701314013137764655e-12
7.192736368998071414e-12
6.718339504996700753e-12
6.276051753272391431e-12
5.863868252142173153e-12
5.479869200573836049e-12
5.118206499608515225e-12
4.781872105174036643e-12
4.469106874264319721e-12
4.175246283858405898e-12
3.899556834407845176e-12
3.643744469546801856e-12
3.404050587455431763e-12
3.181762102667190536e-12
2.971793597130859281e-12
2.777325308375417721e-12
2.595571138966424282e-12
2.424406645015476929e-12
2.264791326911247297e-12
2.117172412216263049e-12
1.977371918335556847e-12
1.848222497003936679e-12
1.726184474917715300e-12
1.612731066851574598e-12
1.507256932065350099e-12
1.407878812973495849e-12
1.315619208687368200e-12
1.228860604543743918e-12
1.148396282977047205e-12
1.072842299094202510e-12
1.001995680877371192e-12
9.360157594608966883e-13
8.745823150305738140e-13
8.170834942469561022e-13
7.630349611432731097e-13
7.128191724809081958e-13
6.659282603375654772e-13
6.219563724088279889e-13
5.809629307675070796e-13
5.425859975195914225e-13
5.066931638158675920e-13
4.732961167559600591e-13
4.419624026351118150e-13
4.127218813731101709e-13
3.854491775340319777e-13
3.599248237953071650e-13
3.360590527765795934e-13
3.137625643034850500e-13
2.932432628619160908e-13
2.734582980325765667e-13
2.554759454457782845e-13
2.385331360424517080e-13
2.226003546735605965e-13
2.076433318300764758e-13
1.940418355377950580e-13
1.808805745266565840e-13
1.689222953822726528e-13
1.577150406294691161e-13
1.472235271099568150e-13
1.374119237609815314e-13
1.280083315831670833e-13
1.194703512114693128e-13
1.115036257343483088e-13
1.040742032909480443e-13
9.698833063937473886e-14
9.055063621653106186e-14
8.442121064317090973e-14
7.872827469403664778e-14
7.344109096720188967e-14
6.853082638987202507e-14
6.387995556801692515e-14
5.957017658021493166e-14
5.557556377100965072e-14
5.180427078160409050e-14
4.831424992569997731e-14
4.502723315196912266e-14
4.198885313518251573e-14
3.913263243077854317e-14
3.645265863283974270e-14
3.398021372006561127e-14
3.166306250229695012e-14
2.952587928849882629e-14
2.749619901763548959e-14
2.562718520295689905e-14
2.388108241106938998e-14
2.225138719559433429e-14
2.071235478506548702e-14
1.929797624846060139e-14
1.798080940153730265e-14
1.674043433601260528e-14
1.560121668782452803e-14
1.451802229219999301e-14
1.352444591741202174e-14
1.259234421046312826e-14
1.172827548405714375e-14
1.091924259920293163e-14
1.016284674311499681e-14
9.463168152153240646e-15
8.809818791868360517e-15
8.200384352288323918e-15
7.632456430973575082e-15
7.103643506836660428e-15
6.611609314166325771e-15
6.154075153918974291e-15
5.725530759106995683e-15
5.327801655786656841e-15
4.958787524739570897e-15
4.614024873233733226e-15
4.292327790347104003e-15
3.994508903864678977e-15
3.716953165603595347e-15
3.458512585998159700e-15
3.216555321048253757e-15
2.993129458830843732e-15
2.784274696975727107e-15
2.590430729950168875e-15
2.409570703348010580e-15
2.241932003101841865e-15
2.085744449595570177e-15
1.940356938374671615e-15
1.804448611572797562e-15
1.678819162308675480e-15
1.561554327157096278e-15
1.452734965447434544e-15
1.351331614590931361e-15
1.256930112365215299e-15
1.169495368778795215e-15
1.087841213710759022e-15
1.011991324957284228e-15
9.412913238372299863e-16
8.757108825562061655e-16
8.146703357934910470e-16
7.579008627626297339e-16
7.056996485239262432e-16
6.559630570656616217e-16
6.109386193427399037e-16
5.672999105258714278e-16
5.278526683946424207e-16
4.920977179570951628e-16
4.575466142093912038e-16
4.253329856996659369e-16
3.961741920583936151e-16
3.681864447262671122e-16
3.428632951946064754e-16
3.192651927084754140e-16
2.972929245326678158e-16
2.763379788170345784e-16
2.573761444241349482e-16
2.393331534430273611e-16
2.229982721018707661e-16
2.074826092025326908e-16
1.931149528274004898e-16
1.798108908625896396e-16
1.674913729824890829e-16
1.558518409215005668e-16
1.450977178660718623e-16
1.351587160729976045e-16
1.257986259606385909e-16
1.171611280660162870e-16
1.091864178075839883e-16
1.016923507238121032e-16
9.466459111437006540e-17
8.819068150114716630e-17
8.212778880803003222e-17
7.654443605271085230e-17
7.132055653587846303e-17
6.643955112406278918e-17
6.188426362274660723e-17
5.763733052480177034e-17
5.373369917658679543e-17
5.004668463301154079e-17
4.666021710096374053e-17
4.346804364491590810e-17
4.050187984606955222e-17
3.774667881703637394e-17
3.518811041843206923e-17
3.281258461987157730e-17
3.058341175575445852e-17
2.849516341317263554e-17
2.656148428518668652e-17
2.477059168403395844e-17
2.309544641991563672e-17
2.153039347371447049e-17
2.006969581190806949e-17
1.871960891850945167e-17
1.744930310294374902e-17
1.627632143991070042e-17
1.517455802004559484e-17
1.414966584048607796e-17
1.319662245934566974e-17
1.231062878177074975e-17
1.148105449252612491e-17
1.070526962195216575e-17
9.985583793969145572e-18
9.313343303465228545e-18
8.685971104193936416e-18
8.100910855277415469e-18
7.555661453823275122e-18
7.047786942707111455e-18
6.572141619408327189e-18
6.129780189446109708e-18
5.718476153691343693e-18
5.334022435369505106e-18
4.974999230690752035e-18
4.638268413725464597e-18
4.326048258660012437e-18
4.035083627802132455e-18
3.762771369558662840e-18
3.509375781888412373e-18
3.272589464369448951e-18
3.051523254840905526e-18
2.846172543744353896e-18
2.653836444815016959e-18
2.473913918082226200e-18
2.307102217591589790e-18
2.150627849701183785e-18
2.005152994910254567e-18
1.869440789286727915e-18
1.743814940835859580e-18
1.624628763837610236e-18
1.512666331900179705e-18
1.411025041951860570e-18
1.315480063547503531e-18
1.225823514543078484e-18
1.141824746083346835e-18
1.063237565055448757e-18
9.918642952574356778e-19
9.231322841609868812e-19
8.607439232541299103e-19
8.008837307759037135e-19
7.465609646763525957e-19
6.945966218430353344e-19
6.474373919045011766e-19
6.024370922785443710e-19
5.606382377078162970e-19
5.218246705054934186e-19
4.857913906520052330e-19
4.523449480800029450e-19
4.206607235731577027e-19
3.913286719230672913e-19
3.641710927778878813e-19
3.390232293010773596e-19
3.152973101838496687e-19
2.929729061584274108e-19
2.727307933540650107e-19
2.533585022728583700e-19
2.355030215629925521e-19
2.190360849201730003e-19
2.035996962301959994e-19
1.891546348438324403e-19
1.758560197849702456e-19
1.632451467392776400e-19
1.516563945577663888e-19
1.408505053458814841e-19
1.307854869970946552e-19
1.215400518794790416e-19
1.128206452093887631e-19
1.047200743655556724e-19
9.710992455196876801e-20
9.013983132915843200e-20
8.360198953888057361e-20
7.760853292320485519e-20
7.191963903223551784e-20
6.664965229836697051e-20
6.176846628524785950e-20
5.720312057119990667e-20
5.298046165105162918e-20
4.900120278791331516e-20
4.532878974688239953e-20
4.190893518396190832e-20
3.872790416093932877e-20
3.577211815464518610e-20
3.302824897643235322e-20
3.046318728305331604e-20
2.810664211675498639e-20
2.589140616121092479e-20
2.386009592253723785e-20
2.196971464938114717e-20
2.021341687187490529e-20
1.858422593354458659e-20
1.707514481361221993e-20
1.568805559909745367e-20
1.439759588268014658e-20
1.320691847126273327e-20
1.210959233895131193e-20
1.109366066727064205e-20
1.015498708937554046e-20
9.293991399808693186e-21
8.500872418858804057e-21
7.771605786790090334e-21
7.102245001977132723e-21
6.488932616771698967e-21
5.925311598054875360e-21
5.411002551470531742e-21
4.940408614890635718e-21
4.510885077607436113e-21
4.119830714600826233e-21
3.764695735855921061e-21
3.443013973587774670e-21
3.151282861435437990e-21
2.887638118268680841e-21
2.651091818133690038e-21
2.438007736560487901e-21
2.248607896236291254e-21
2.071874196750610911e-21
1.907437043528057343e-21
1.759597043134358114e-21
1.617630263298598808e-21
1.490209629899352261e-21
1.372030818618878458e-21
1.262601076455131856e-21
1.161418931172828703e-21
1.070515798773142682e-21
9.840727033059486270e-22
9.044280138886779886e-22
8.329409206160507665e-22
7.653144801535793088e-22
7.031571534932141488e-22
6.460599006316574036e-22
5.936361388075747847e-22
5.455229977299486647e-22
5.013803422744859778e-22
4.600400896928733670e-22
4.229961490684614331e-22
3.883431211231704047e-22
3.560414512859311344e-22
3.265738459049384185e-22
2.996845154136541147e-22
2.751404734332071359e-22
2.523374009859243475e-22
2.312056878445515366e-22
2.119809845261515956e-22
1.942001515609506336e-22
1.780377600652651710e-22
1.631116395465747094e-22
1.493508904229790986e-22
1.366838968131087407e-22
1.251991530097916047e-22
1.144907216049383963e-22
1.047966969161940615e-22
9.589737884734160828e-23
8.773494737035244541e-23
8.016361434963218804e-23
7.332176585840424541e-23
6.698657264903738418e-23
6.119937266615779841e-23
5.586025093325962808e-23
5.104889403279712111e-23
4.657039163594069721e-23
4.253921463798062646e-23
3.879690475832332771e-23
3.539886402848978237e-23
3.228427897368466554e-23
2.945859711245022564e-23
2.684898604854664741e-23
2.448550721719158261e-23
2.230814840937553044e-23
2.032276496723212527e-23
1.851362890973432646e-23
1.686601613387254695e-23
1.535507909072548019e-23
1.398167877776418255e-23
1.272482791700946834e-23
1.157623370544497042e-23
1.053476716858358658e-23
9.578129660132314902e-24
8.712191531206185741e-24
7.918521724018794058e-24
7.200985886441236048e-24
6.540645849910603833e-24
5.944635942358848561e-24
5.400423887424388083e-24
4.904149457992445261e-24
4.452101784525462960e-24
4.040751843897350107e-24
3.666757673197402984e-24
3.326983203626172331e-24
3.017055378166283765e-24
2.736011549587447186e-24
2.480136405523720966e-24
2.247434288134721680e-24
2.036008404146673585e-24
1.844076075531894187e-24
1.669276542874328744e-24
1.510900529476166972e-24
1.366936600241564553e-24
1.236213506193863593e-24
1.117623489688274364e-24
1.011261567308699119e-24
9.138588173699686437e-25
8.248950533453992355e-25
7.438295764676448376e-25
6.723513330715425507e-25
6.051824017014585730e-25
5.460636315225463321e-25
4.923354410725528322e-25
4.435850083800917308e-25
3.994139645332220810e-25
3.594440155231041803e-25
3.242332025234550012e-25
2.915011982964098758e-25
2.619747976373799165e-25
2.353612319546061323e-25
2.113895550030394920e-25
1.898106093854393761e-25
1.699731338821104147e-25
1.525641430935451688e-25
1.365873625087021816e-25
1.222749483857467627e-25
1.094550371179475044e-25
9.775403634720594211e-26
8.730594696223302287e-26
7.797575639736528535e-26
6.949587732004124570e-26
6.181403950104266360e-26
5.498779010658121444e-26
4.891970042676938579e-26
4.343826930625570179e-26
3.850004014698304145e-26
3.412694359312994281e-26
3.019601590888909950e-26
2.667068025570059822e-26
2.351596669517179261e-26
2.069871345850941854e-26
1.821977828064971141e-26
1.598168152031465464e-26
1.399430492522276842e-26
1.225336586333202947e-26
1.069158038295619183e-26
9.311883955193055826e-27
8.081906449350460195e-27
7.002553120645764856e-27
6.057152462954770124e-27
5.222013838501068309e-27
4.494044106937548096e-27
3.854404949401989555e-27
3.299485497759295130e-27
2.810130471115418183e-27
2.388358603141808143e-27
2.022322492229570242e-27
1.705777582593344643e-27
1.433028832102981895e-27
1.197056526517988249e-27
9.970860115423005287e-28
8.254556792121930290e-28
6.790262816702862245e-28
5.556888546093566570e-28
4.522562942460316049e-28
3.647832639227901266e-28
2.923555556853207079e-28
2.323293780685691352e-28
1.829517701991607929e-28
1.426530012182580795e-28
1.098609242380533364e-28
8.361176423185216884e-29
6.280872522031757878e-29
4.642120951709265644e-29
3.369169890539848654e-29
2.395911800004921073e-29
1.664569224407250895e-29
1.126042230338937946e-29
7.383056300966581246e-30
4.655714955345165150e-30
2.807311205950335784e-30
1.598689712658620786e-30
8.465499416822568622e-31
4.080620741225683984e-31
1.730640742771248780e-31
6.066470337235861517e-32
1.600468243270743862e-32
2.412415208840689631e-33
2.151888166092275767e-34
0.000000000000000000e+00
