4.765704178462852710e-08
4.441520300382087913e-08
4.143527440036189639e-08
3.867109632776307177e-08
3.605091732044763819e-08
3.361956990826907262e-08
3.139483840692762339e-08
2.926114279117356824e-08
2.731423127518791174e-08
2.550006628484830408e-08
2.379767170152390689e-08
2.216996596921782189e-08
2.068958827823830556e-08
1.927605449376002328e-08
1.802234342762732072e-08
1.679430484519403773e-08
1.567844179440271534e-08
1.459241466087983701e-08
1.362864392081334135e-08
1.269246964044976349e-08
1.184293713723837453e-08
1.103768805389936907e-08
1.030625793745101840e-08
9.600279572726774635e-09
8.947524483437257461e-09
8.343282491799298041e-09
7.774212048784695916e-09
7.248249850460157288e-09
6.753626057940864765e-09
6.297099208495528137e-09
5.868144472731530110e-09
5.466688704284090266e-09
5.095830471639811940e-09
4.744394951448238071e-09
4.420001549756984796e-09
4.117946952750761511e-09
3.835065339241204473e-09
3.572428769772127394e-09
3.329688046542886834e-09
3.098998244052989960e-09
2.886024565717359043e-09
2.686920767270478079e-09
2.502986219029063640e-09
2.329536764879334785e-09
2.169380330837522677e-09
2.020443682606152005e-09
1.881390886222139054e-09
1.751130779780311056e-09
1.630893952998014137e-09
1.518514314350006698e-09
1.413836158463327144e-09
1.316270873053435688e-09
1.225515598560883543e-09
1.141096771006888499e-09
1.062654433839425124e-09
9.897855014808468195e-10
9.216091703991097953e-10
8.583854123889938671e-10
7.997644771976149013e-10
7.446436948941858610e-10
6.936288066170081930e-10
6.464076587485047494e-10
6.021167558679955699e-10
5.609078658835463347e-10
5.225890157540475149e-10
4.869746175184620180e-10
4.538867609609043491e-10
4.228052690972654679e-10
3.941430295253142369e-10
3.672618663044223805e-10
3.423549345430426543e-10
3.191573103623190905e-10
2.974581523778304021e-10
2.773807837558789579e-10
2.585343642329257339e-10
2.411145480157429240e-10
2.247890513266099722e-10
2.096434948022543262e-10
1.954740928213591560e-10
1.822883035163229403e-10
1.700234881466395758e-10
1.585752179337282819e-10
1.479386137117043920e-10
1.379850078285135881e-10
1.287481122107551417e-10
1.200563430121824695e-10
1.120579395756481243e-10
1.045412899025489375e-10
9.749030352696793773e-11
9.108993409801599734e-11
8.489540933929417622e-11
7.927726687445943396e-11
7.401616620409990483e-11
6.909516736830850831e-11
6.449697178814232735e-11
6.020420787626870400e-11
5.619963117843996142e-11
5.246630722799517338e-11
4.898774378361563941e-11
4.574799253533109233e-11
4.273173221015722436e-11
3.992431086040251518e-11
3.725393582441566829e-11
3.482833934006427184e-11
3.252367267140661354e-11
3.038465576689952314e-11
2.835965470738385734e-11
2.648384962959503058e-11
2.474561891911814032e-11
2.313423548021177261e-11
2.161295399829182619e-11
2.017997040555719072e-11
1.885502605458113588e-11
1.762914792606379615e-11
1.645752007136765079e-11
1.539256618404338502e-11
1.437659503681855092e-11
1.343871592153767761e-11
1.255961338586069279e-11
1.173650562830189613e-11
1.096657122351470602e-11
1.024697280497934689e-11
9.574906280501295438e-12
8.947612535957097252e-12
8.362412206781800767e-12
7.816708738049277612e-12
7.308011944395165930e-12
6.828617971095844107e-12
6.382532798216171951e-12
5.967465899579991645e-12
5.577262221968367382e-12
5.210977738364993412e-12
4.870910244516720325e-12
4.552092851825008699e-12
4.256264347920706611e-12
3.976680405660323628e-12
3.717597272428597867e-12
3.475325668623647777e-12
3.247051271199953179e-12
3.034070392403387768e-12
2.836998081517464117e-12
2.650271433824570165e-12
2.477687474334560939e-12
2.314529201611414654e-12
2.162777359944275138e-12
2.021634466042040587e-12
1.888590214694117431e-12
1.765022750098351753e-12
1.648774338411032141e-12
1.540915943022969374e-12
1.439599986733472000e-12
1.344560520256543257e-12
1.256017509002541542e-12
1.173547183940122993e-12
1.096333484408440358e-12
1.023730393552321349e-12
9.562560243611174151e-13
8.932319951795747538e-13
8.341163552116088356e-13
7.789920822016072625e-13
7.273754381682512351e-13
6.790908004992363614e-13
6.341562956114973449e-13
5.919920652947903131e-13
5.526401065371736591e-13
5.159332579769271038e-13
4.815775171898372339e-13
4.494532331878070673e-13
4.194411908554923920e-13
3.918220889880733691e-13
3.651929331910060733e-13
3.409921427124148810e-13
3.181930922152380135e-13
2.967564885590886355e-13
2.766364548056382378e-13
2.583438844526549712e-13
2.406478514119983763e-13
2.245739535554828412e-13
2.095143641526884380e-13
1.954215570365543557e-13
1.822471873677801703e-13
1.696261279949015055e-13
1.581722125424767003e-13
1.474899675768140566e-13
1.375334629382162467e-13
1.280428074031599833e-13
1.194255370547482257e-13
1.112261590219576595e-13
1.036158497276097062e-13
9.655298485527994706e-14
8.999848983856775876e-14
8.379509439746243622e-14
7.805134150783270173e-14
7.273211905329742438e-14
6.771467656527183744e-14
6.307568790256360033e-14
5.871065810043656323e-14
5.467974716374278057e-14
5.089430632900824165e-14
4.734615194492748718e-14
4.407625229526779013e-14
4.101508485399227179e-14
3.819482456477456647e-14
3.551949865381047276e-14
3.305884437107518407e-14
3.076275465615033899e-14
2.862235156928274229e-14
2.660355247626876928e-14
2.475062749782003582e-14
2.302727382506342606e-14
2.140651918609816848e-14
1.991992080787806703e-14
1.850833569232814911e-14
1.721531390721333087e-14
1.600396987126032957e-14
1.488261208127457389e-14
1.383416298969276018e-14
1.285533541487185072e-14
1.195121504325878546e-14
1.110819260386319846e-14
1.032299371057999051e-14
9.592361926285352587e-15
8.913073252742341325e-15
8.281985748985413922e-15
7.696042965776450325e-15
7.148070879341081889e-15
6.640292090237683878e-15
6.169908560398772708e-15
5.731129447402302935e-15
5.322355968039985847e-15
4.944528913039428314e-15
4.592974029031850169e-15
4.266160947182618492e-15
3.960692583510035417e-15
3.679085049953020668e-15
3.416279304914353860e-15
3.172770063710378938e-15
2.945954224925608547e-15
2.736076322785893793e-15
2.540868894917936782e-15
2.359472961471060636e-15
2.190199132794320582e-15
2.034002084287913737e-15
1.888461958618182295e-15
1.753643715992448112e-15
1.628237959322012489e-15
1.511701805491856906e-15
1.403961355562837260e-15
1.303527113816988125e-15
1.210403122331490373e-15
1.123761829751025646e-15
1.043543285565795883e-15
9.690167248540001029e-16
8.998342661981750839e-16
8.363374922886185631e-16
7.759524636648429257e-16
7.213915388403800825e-16
6.686105986943918365e-16
6.209910596029360986e-16
5.779098703807294977e-16
5.363579684324236046e-16
4.976921691377856912e-16
4.627601892397668719e-16
4.292956035830971948e-16
3.990755305766201314e-16
3.709677899107108010e-16
3.448465779269402956e-16
3.199829458352642548e-16
2.975276913008937030e-16
2.762016773108988739e-16
2.569316371787432663e-16
2.386629209123557326e-16
2.217783703525552992e-16
2.061734793600739334e-16
1.917506663765605425e-16
1.781496344594082277e-16
1.656069109522511389e-16
1.540364403879196477e-16
1.431600879007275862e-16
1.331418572768693774e-16
1.239091079556492773e-16
1.152483852083324153e-16
1.071411036963577666e-16
9.968595469264829104e-17
9.271629022348022274e-17
8.630890244687730957e-17
8.032415796093546489e-17
7.474155700849307455e-17
6.954007884474763298e-17
6.469856290374348181e-17
6.025546927643228026e-17
5.606545112127123448e-17
5.222285406062549878e-17
4.860611790760294338e-17
4.525037654318294919e-17
4.213775178698845615e-17
3.925128135380425321e-17
3.657491979300684013e-17
3.406674247322981334e-17
3.172013927040386048e-17
2.954993146909740888e-17
2.754237925072185128e-17
2.566674598565779212e-17
2.391633767576613429e-17
2.228440420070622490e-17
2.077760324639093810e-17
1.936124561241617648e-17
1.805463707832823477e-17
1.682846388607306408e-17
1.568881897262560602e-17
1.462992504401859989e-17
1.364627650327253194e-17
1.272592421959673095e-17
1.186582382533312343e-17
1.106841547052853225e-17
1.032400252486410788e-17
9.629639130386448898e-18
8.982413629509631751e-18
8.379485671502524779e-18
7.818097110534008235e-18
7.292504690086347719e-18
6.803825719601928435e-18
6.349557353290474229e-18
5.925017108290130270e-18
5.528606809059392253e-18
5.156836096497858902e-18
4.812132429114029409e-18
4.490884487422277291e-18
4.190203991021518581e-18
3.910371813263906629e-18
3.648831710454944868e-18
3.404595587859529933e-18
3.177655264716314140e-18
2.965024270385817971e-18
2.766037581186960455e-18
2.581468221098839852e-18
2.408250657792479594e-18
2.247121470207746229e-18
2.096716439978869968e-18
1.957399883131910187e-18
1.825122203388254004e-18
1.700755431546071283e-18
1.587753184470943192e-18
1.481431188046107219e-18
1.381566230504313975e-18
1.287909891155837532e-18
1.200196874997410164e-18
1.120451954794625754e-18
1.043575585571663773e-18
9.737179009057158504e-19
9.066162791402664762e-19
8.456531038605027995e-19
7.872702572158023973e-19
7.342254104577489982e-19
6.835511397674246700e-19
6.364277605410137068e-19
5.926200777594747471e-19
5.519046539355837121e-19
5.140704780630289042e-19
4.781905759977986159e-19
4.449387010801202325e-19
4.141199366039753628e-19
3.855533239114462589e-19
3.585759702809635974e-19
3.331684717512325537e-19
3.101105321602223228e-19
2.880250552165200360e-19
2.676528549712505398e-19
2.488513948131537857e-19
2.312150326467403441e-19
2.147014792740339485e-19
1.994906243556246755e-19
1.850599403082428846e-19
1.717939751847069201e-19
1.594206641089650164e-19
1.478934264946337953e-19
1.373037454111485989e-19
1.273164985334843444e-19
1.180389409082304994e-19
1.093248112670550039e-19
1.013460841998406886e-19
9.386535627276046947e-20
8.700790224446059493e-20
8.049631252593468782e-20
7.446245259561459584e-20
6.887278466437304468e-20
6.364453014666799736e-20
5.880908861847642689e-20
5.425331702235662161e-20
5.005031343706603963e-20
4.613828295988999943e-20
4.250179461367348856e-20
3.912551345510926548e-20
3.599433662944932020e-20
3.307055969934176474e-20
3.038802767661312364e-20
2.787018639081932992e-20
2.556538060734099944e-20
2.342461765740819338e-20
2.143999706175221956e-20
1.960343150040422031e-20
1.790679039600450184e-20
1.635185630247417745e-20
1.490988001610088156e-20
1.358407883911151066e-20
1.236690997186268264e-20
1.124474279238235491e-20
1.021265817192212875e-20
9.270696313815337082e-21
8.407691471630936805e-21
7.618843710536537894e-21
6.899443157921123645e-21
6.244886160350406800e-21
5.647948681726000234e-21
5.107774892278025947e-21
4.618014179924916018e-21
4.175462507018603834e-21
3.776971067908005848e-21
3.419460750783540321e-21
3.099955580096882973e-21
2.814500846649256820e-21
2.560809103081004766e-21
2.337427352582949225e-21
2.140429824072353860e-21
1.968895266674429207e-21
1.809552905640837561e-21
1.661626101102263347e-21
1.528927482428925446e-21
1.401791733308567894e-21
1.287949115328421740e-21
1.182610938454489821e-21
1.085303989326502202e-21
9.955493190098511183e-22
9.151087067085023669e-22
8.388032835104411403e-22
7.686769422231389972e-22
7.058925392432171626e-22
6.466504893509411767e-22
5.923419081168110172e-22
5.425859878061319877e-22
4.970241446111281005e-22
4.553205916540819924e-22
4.171617243721047671e-22
3.815232307670689409e-22
3.496765068243355963e-22
3.199676180904332182e-22
2.923531076629300569e-22
2.672337697300052707e-22
2.443782751274124349e-22
2.235764567891317924e-22
2.043066020118724573e-22
1.865023234232093144e-22
1.703535488164803712e-22
1.554630287236153906e-22
1.419694387523975404e-22
1.295466090717460243e-22
1.181298321259268014e-22
1.076542188111103975e-22
9.818709471372791578e-23
8.938896159108982762e-23
8.145094736276626714e-23
7.418832674288875834e-23
6.754998149075050171e-23
6.141404685052107008e-23
5.588917432859411137e-23
5.079208963081855091e-23
4.615331737146644506e-23
4.189074113883925217e-23
3.806547104761420280e-23
3.452000755841444126e-23
3.134264325196631048e-23
2.840620190109395815e-23
2.575224428333287397e-23
2.333122614428528878e-23
2.114548318918685079e-23
1.913700885339839641e-23
1.732738076712415236e-23
1.566913467254295273e-23
1.416542236661769506e-23
1.280296201814313919e-23
1.156937978993524499e-23
1.044493522910797969e-23
9.429196068945630173e-24
8.505609373179729134e-24
7.667170305338359672e-24
6.912125370490552784e-24
6.223476417930071170e-24
5.604665391792105283e-24
5.041767538101821886e-24
4.536819363593405532e-24
4.075852985598823872e-24
3.663247903786788071e-24
3.289721342540641914e-24
2.952110370209059369e-24
2.647399802165870811e-24
2.372743261692987909e-24
2.125466413786335028e-24
1.903077059649073578e-24
1.702334109944571490e-24
1.522255903135487816e-24
1.360122601059343740e-24
1.214362098922733472e-24
1.083495526030343819e-24
9.661445329061788670e-25
8.606160353003135514e-25
7.662461382845744570e-25
6.816143106851809220e-25
6.058299183776471232e-25
5.380608934033449961e-25
4.781687649223473091e-25
4.241467354084309601e-25
3.755756162529896118e-25
3.320328461903604680e-25
2.942726056561957521e-25
2.593927493096692381e-25
2.292335142943576349e-25
2.023138769426042047e-25
1.783378792973669282e-25
1.570256457501317017e-25
1.381160074137997283e-25
1.217867747458506309e-25
1.069142369706928958e-25
9.378032268008125845e-26
8.219690473305232175e-26
7.199304174883836032e-26
6.301430959711260412e-26
5.495181847458212196e-26
4.804405059723344492e-26
4.185748905948762761e-26
3.645305995425636425e-26
3.173445659593293753e-26
2.753931037898188951e-26
2.389292445280336544e-26
2.072449157070533878e-26
1.792419381484342306e-26
1.545956666490454075e-26
1.333300084680358049e-26
1.149810220318747184e-26
9.890108169119938112e-27
8.485884921430899759e-27
7.281116546033832096e-27
6.232451880476933146e-27
5.322410382155926998e-27
4.534962897964499659e-27
3.855437217966271110e-27
3.277920177693317444e-27
2.774592659766239661e-27
2.343533558388838324e-27
1.979460939046255642e-27
1.664738014031057200e-27
1.397021889008989872e-27
1.167385568013059283e-27
9.736606459941850921e-28
8.106126112099233084e-28
6.722794055844538236e-28
5.565306225674812525e-28
4.589421203906811567e-28
3.777420240193118474e-28
3.091002187464788266e-28
2.524207688160576014e-28
2.053067678749244673e-28
1.663004739202884605e-28
1.341366040220224220e-28
1.075212723833567799e-28
8.595612821399135109e-29
6.826387586114210253e-29
5.384456629014345492e-29
4.224691063135614445e-29
3.296182668068121196e-29
2.546864684334878932e-29
1.955175215911462365e-29
1.487613152632348832e-29
1.121117777874144516e-29
8.361955922810267604e-30
6.155302758429766091e-30
4.474958068472317512e-30
3.209159089649877276e-30
2.261878552558417790e-30
1.563778715670359244e-30
1.057845276064104103e-30
6.980742451133030727e-31
4.477016877186697842e-31
2.776891634943993247e-31
1.651637897066289471e-31
9.361223315587826390e-32
4.989325146199146508e-32
2.457136758771497070e-32
1.093916058905231992e-32
4.233149672833685249e-33
1.335243954334520105e-33
3.089625454446775567e-34
3.912762348334390428e-35
2.764606460723201314e-36
0.000000000000000000e+00
