3.753381439353823465e-08
3.487393325839505723e-08
3.232256276358709643e-08
3.007517089306751793e-08
2.784772317687199374e-08
2.588788200432963079e-08
2.400901849515534317e-08
2.230428628225194596e-08
2.067254653757739108e-08
1.923749967451847718e-08
1.782185145434903657e-08
1.654558919115309768e-08
1.532471206825309508e-08
1.422746977251264579e-08
1.320162907487599255e-08
1.225813045273645313e-08
1.135390159402540714e-08
1.052796809647723775e-08
9.754387850847019295e-09
9.050412031341998100e-09
8.375737656811352522e-09
7.777273658996089908e-09
7.202413076698841515e-09
6.683683390272902422e-09
6.176853810018286524e-09
5.738414587303005544e-09
5.301818733968815606e-09
4.924830602991164531e-09
4.550027899311913122e-09
4.226896715387305299e-09
3.905983203157033217e-09
3.625318439613076060e-09
3.351505121671831192e-09
3.108897765769070097e-09
2.872720925211216710e-09
2.666959913686590831e-09
2.463909103000078768e-09
2.287303257977825260e-09
2.115484119583535623e-09
1.962299856514683519e-09
1.813777841638463859e-09
1.683278723845333423e-09
1.556859083166313356e-09
1.444591218738856996e-09
1.336131878871398615e-09
1.240941869863483057e-09
1.148137614863277955e-09
1.065862676998524508e-09
9.867640325792785777e-10
9.166112551091746149e-10
8.487255109852781750e-10
7.884942711344853756e-10
7.304531950632355388e-10
6.788908175520231379e-10
6.293990962515595450e-10
5.853390019343970784e-10
5.428905406335525208e-10
5.050198023248158419e-10
4.689800064730196491e-10
4.362465749289272067e-10
4.052680226424707637e-10
3.774513603818576249e-10
3.508634785658755190e-10
3.267552292845719702e-10
3.039924370470253533e-10
2.832803824532602896e-10
2.638046771051215646e-10
2.458133530973978989e-10
2.290727468355859686e-10
2.135675722381085531e-10
1.991086277847132765e-10
1.857586899198733857e-10
1.732163772352783354e-10
1.616744959937380682e-10
1.508090991450345632e-10
1.407947061346594995e-10
1.313915643632916984e-10
1.226762778698456833e-10
1.145113780972941545e-10
1.069110720422668944e-10
9.983305515954386162e-11
9.322000307460044428e-11
8.706838360908312842e-11
8.130486492669706703e-11
7.594972199336514671e-11
7.090433759249884691e-11
6.625565646584026720e-11
6.188154656780250342e-11
5.777329024323186185e-11
5.403950327408794934e-11
5.042132185934832124e-11
4.713571374035730422e-11
4.405514044801372477e-11
4.117017013305052130e-11
3.847114386346751839e-11
3.594831376602404596e-11
3.359198483093473814e-11
3.139259824126700832e-11
2.934083073875993574e-11
2.742763621277113700e-11
2.564431257386517008e-11
2.398251336421540506e-11
2.239998314630991158e-11
2.096084693148487763e-11
1.959189918894893618e-11
1.831989856813988574e-11
1.711433891435100215e-11
1.599634751753642080e-11
1.495921200837130365e-11
1.399672443309793531e-11
1.308708770275449610e-11
1.222933947103850459e-11
1.143543275549761991e-11
1.070013921646900810e-11
9.996677691056272050e-12
9.356633025053759890e-12
8.745437188585267764e-12
8.180683232060744721e-12
7.650830112943408884e-12
7.154273617219314633e-12
6.689379409071955112e-12
6.254498500222147269e-12
5.847995533953183194e-12
5.468257436084938028e-12
5.113713125065431495e-12
4.782837092911144330e-12
4.474162511410223700e-12
4.183051182450977905e-12
3.911968898608726751e-12
3.659558370708800724e-12
3.422104965657467311e-12
3.199058398298831770e-12
2.991842302335751272e-12
2.797453041808117882e-12
2.616971170848254265e-12
2.446299673419735256e-12
2.288052553098702976e-12
2.139992446769588949e-12
2.000411757025625167e-12
1.870114667820642452e-12
1.749489562350121982e-12
1.635141195880419945e-12
1.529403448060714533e-12
1.429394558684914414e-12
1.336335447209393453e-12
1.249744344356676362e-12
1.168086935695573725e-12
1.092214334799473735e-12
1.020806550972156533e-12
9.545258366121712494e-13
8.922409500933132694e-13
8.337916405291864564e-13
7.793165016823470862e-13
7.285579459102393231e-13
6.810165186557118811e-13
6.362966595667261832e-13
5.947197974531280596e-13
5.558700975321050172e-13
5.194153676406817064e-13
4.854084631500073198e-13
4.535526274785881120e-13
4.237409091410599434e-13
3.959859793785162985e-13
3.699310019707029215e-13
3.456031073086587437e-13
3.229001994205015489e-13
3.016415188746376838e-13
2.817540873787281963e-13
2.631650507549111577e-13
2.460494845956518945e-13
2.295386099678852425e-13
2.145251580574664814e-13
2.003732990817888730e-13
1.870593273811723023e-13
1.745553672068795652e-13
1.631799782296066718e-13
1.521683324269688766e-13
1.421592832392661131e-13
1.327752877311084991e-13
1.239873740074120265e-13
1.157660057340739237e-13
1.078837364436227076e-13
1.007245551347462708e-13
9.404216631094191780e-14
8.780843226691261303e-14
8.186106433719651320e-14
7.645603393877629461e-14
7.130826568011325298e-14
6.652563195582210968e-14
6.208257172313432409e-14
5.795505478791301683e-14
5.404447272170897433e-14
5.041965326439977760e-14
4.705897893450714369e-14
4.388529447237368839e-14
4.094750018175811579e-14
3.817981555076576112e-14
3.562077427121889581e-14
3.321447875644514616e-14
3.095602578263652521e-14
2.887186023290851329e-14
2.691803272790839487e-14
2.511542103946295808e-14
2.340296452750537996e-14
2.182557094634844886e-14
2.035144167230726404e-14
1.897513463739462623e-14
1.767494990602303881e-14
1.647964861767029784e-14
1.536609626385228315e-14
1.431706374649863701e-14
1.335320290394660997e-14
1.243636151012338941e-14
1.159501066549569231e-14
1.080535992940463971e-14
1.007299953333484585e-14
9.386947792524372665e-15
8.745199021152832225e-15
8.151249477448572351e-15
7.596314388024830907e-15
7.078372706562037074e-15
6.595406279236677971e-15
6.145411666095700482e-15
5.726429586447986853e-15
5.336550093931919699e-15
4.971102981623476644e-15
4.631672262997200657e-15
4.316494178329597380e-15
4.021783825660472755e-15
3.746550114932199858e-15
3.491515707905168396e-15
3.253610240339142728e-15
3.031874197339266172e-15
2.824070226288531037e-15
2.631981607197803885e-15
2.452226321225710266e-15
2.285204528830880243e-15
2.129190451231497968e-15
1.984410008594888679e-15
1.849354514778327266e-15
1.723479850642478870e-15
1.605659478508424796e-15
1.496604893797580351e-15
1.394672234690764388e-15
1.299947983817051126e-15
1.211552091485336292e-15
1.129138083733739006e-15
1.052690645280116456e-15
9.811865486522263163e-16
9.146595557345391917e-16
8.525482973107309004e-16
7.948385741585787463e-16
7.410322571332286093e-16
6.909035758555788089e-16
6.447270806774072440e-16
6.006507153169095623e-16
5.606761685789852808e-16
5.218581377510870342e-16
4.866998143317416626e-16
4.547705058629143351e-16
4.238549869190041049e-16
3.949715361317899883e-16
3.687729524747756655e-16
3.435734583204248554e-16
3.207241491244039914e-16
2.993855326451701136e-16
2.794737336996320216e-16
2.604412512492928052e-16
2.431799562683620661e-16
2.267174138629779336e-16
2.117788532998530128e-16
1.975563355131101323e-16
1.843548047899982511e-16
1.721012454099616681e-16
1.607271729204453270e-16
1.499546246133624889e-16
1.399768669334154762e-16
1.307324671134374052e-16
1.220046534138940383e-16
1.139301677179737843e-16
1.064563501431148740e-16
9.941501613614464851e-17
9.279465921839854952e-17
8.668009531156880441e-17
8.093870056117401805e-17
7.563746977624646426e-17
7.066444393941365034e-17
6.600541781705298309e-17
6.164560358304596228e-17
5.756989051324389896e-17
5.381350705633049181e-17
5.025592013058716248e-17
4.697941878322746331e-17
4.388245327587920043e-17
4.099683074098989627e-17
3.830905310523585244e-17
3.580622857418862003e-17
3.347607182931243872e-17
3.128345203314040746e-17
2.922374699433333145e-17
2.731120863625308749e-17
2.553501310082715026e-17
2.386904674802576134e-17
2.230828237276648296e-17
2.084757348234933252e-17
1.949377792310155410e-17
1.821650090411596263e-17
1.703386963039574189e-17
1.592003046743353515e-17
1.488110090733866744e-17
1.391240653912482995e-17
1.300946240916726184e-17
1.216177368351082122e-17
1.136695233452842149e-17
1.062766949366637864e-17
9.935327278884715970e-18
9.287522663115101937e-18
8.681857374824737883e-18
8.115966858707642230e-18
7.587536994390371118e-18
7.091400727682092588e-18
6.628836483789250076e-18
6.197692100163654208e-18
5.793714368493621572e-18
5.415548806538107778e-18
5.060014592210176823e-18
4.729577096492289867e-18
4.420913959207565222e-18
4.131366434358973835e-18
3.861312210166876315e-18
3.608383379012334752e-18
3.371711394818045974e-18
3.151371477203107070e-18
2.944537073532754513e-18
2.750623714604531658e-18
2.570445806029904881e-18
2.401065417242613264e-18
2.243250010819270826e-18
2.095708756093793252e-18
1.958840363496932797e-18
1.828699666975555829e-18
1.706169710310484004e-18
1.594686666474407791e-18
1.489659145636401348e-18
1.390886559443783335e-18
1.298141819371723389e-18
1.211179433688232272e-18
1.132026791003071111e-18
1.055636389535963333e-18
9.861445840437402878e-19
9.193230393802535238e-19
8.585504982503408847e-19
8.002899865200467905e-19
7.473021429630739474e-19
6.966310938476844199e-19
6.494627567828873882e-19
6.055688541612600043e-19
5.647320526766842643e-19
5.267466584921178122e-19
4.906863808818156881e-19
4.572324194093975221e-19
4.261937504539789657e-19
3.973926798225614213e-19
3.701643944951107136e-19
3.444917466300997550e-19
3.211666519606430506e-19
2.987991700011276972e-19
2.781419188457817404e-19
2.590539000480948747e-19
2.411261456033080352e-19
2.243177768899398424e-19
2.088145911718633408e-19
1.940861314799670637e-19
1.805269953575554357e-19
1.678616097684385274e-19
1.560443492644820089e-19
1.451713241875549298e-19
1.349004205346657498e-19
1.253435008889546301e-19
1.163515576210746958e-19
1.081039198357769025e-19
1.003570828590425924e-19
9.324246454394774732e-20
8.647367216392202011e-20
8.018891093973054861e-20
7.435486607003041144e-20
6.888648504857667887e-20
6.381796448138809678e-20
5.903186329926495529e-20
5.460615169396244079e-20
5.047705573064671252e-20
4.662944468722468693e-20
4.304820540144590340e-20
3.971844234715405927e-20
3.660103586721465792e-20
3.373315266694775942e-20
3.103390791036350471e-20
2.855607131615593633e-20
2.624797234857854605e-20
2.410192079893869810e-20
2.210998102573064822e-20
2.026414194076991084e-20
1.856717661430459141e-20
1.698847346392345996e-20
1.553223895936649988e-20
1.419090702251627181e-20
1.295010940747972854e-20
1.180500638109656208e-20
1.075626012096740913e-20
9.792035376254012770e-21
8.907514273208868625e-21
8.097940407539904421e-21
7.358639578250528038e-21
6.681916935697998398e-21
6.067250633991008196e-21
5.507843288088270649e-21
5.000433213104658994e-21
4.541789464637823369e-21
4.128732940118360192e-21
3.758169331659110323e-21
3.425832037160639290e-21
3.129352560268143091e-21
2.867320487216530251e-21
2.635395762427060931e-21
2.432742568624488866e-21
2.243858078048815604e-21
2.067907573251243495e-21
1.909533669534641582e-21
1.757278068100143009e-21
1.620468177461626744e-21
1.493441811489408043e-21
1.375691510316986400e-21
1.266699187314218771e-21
1.168676665857114591e-21
1.075367491868383149e-21
9.893074948282704835e-22
9.119844860349340604e-22
8.387642637422391489e-22
7.713985889187008909e-22
7.094558340333997628e-22
6.525279005828810003e-22
6.002304206512150050e-22
5.522030101754771515e-22
5.071814823849194728e-22
4.668005558800837694e-22
4.289902657130423146e-22
3.937118499770623960e-22
3.614976987814114844e-22
3.320739774084678766e-22
3.051909358918445290e-22
2.801907303348958945e-22
2.570002267033555483e-22
2.358816374555232029e-22
2.163296520645233042e-22
1.985393272079000446e-22
1.820929991842659079e-22
1.669148614704973221e-22
1.529282325153122878e-22
1.402332489568403412e-22
1.283832838547384258e-22
1.176436680248303585e-22
1.077731223943698166e-22
9.870917668643700007e-23
9.029139452271381546e-23
8.267515564763912918e-23
7.561392638419203544e-23
6.915502451795516780e-23
6.318926044418761206e-23
5.780745235052727256e-23
5.279256487685253846e-23
4.827366500510864299e-23
4.407398811826031298e-23
4.025642283028449324e-23
3.675340540703395514e-23
3.357175342585859117e-23
3.063006575177276836e-23
2.796278567459514821e-23
2.550272464545505702e-23
2.325695453543744910e-23
2.120815809810508802e-23
1.934009193646824605e-23
1.762496976130005347e-23
1.606411814024412515e-23
1.463402650523395948e-23
1.332554514878384243e-23
1.213768647855815768e-23
1.104526817799182458e-23
1.005523877521015254e-23
9.146744125259818840e-24
8.324420084947423804e-24
7.566742203116996260e-24
6.882068733374944252e-24
6.256165193681589687e-24
5.684732428015948092e-24
5.163624610390064954e-24
4.688894142799244504e-24
4.256792973688794146e-24
3.863798975506085756e-24
3.504942885583281399e-24
3.179191350553976848e-24
2.882312684126678740e-24
2.612056548577369656e-24
2.366280079292373718e-24
2.142964448186251631e-24
1.939410666875670529e-24
1.754835025313679282e-24
1.586931630867165248e-24
1.434367602533196700e-24
1.295879266045179086e-24
1.171608652507446096e-24
1.057766619326457501e-24
9.537610445400615298e-25
8.589721459059876740e-25
7.753866566899005062e-25
6.968413367893653135e-25
6.277176875247061726e-25
5.649111618321544030e-25
5.079428308141130574e-25
4.563501149053396588e-25
4.096921856860299786e-25
3.686198042441605140e-25
3.304721397604689803e-25
2.960962770100976217e-25
2.651489239211558421e-25
2.373119675602257773e-25
2.122924772461033830e-25
1.893325896324244690e-25
1.692228715596421728e-25
1.508074938433907725e-25
1.343501053349789724e-25
1.196476678694864619e-25
1.062671546351051839e-25
9.435723784754168474e-26
8.375795647436904929e-26
7.416049728305147500e-26
6.550157522323631063e-26
5.784095748604008248e-26
5.106315241515457333e-26
4.497161678438247548e-26
3.951373456660687335e-26
3.470882377081832720e-26
3.041677561281768298e-26
2.659354273503577092e-26
2.319697238377492096e-26
2.018727129463298282e-26
1.756079404215186999e-26
1.521037558059343981e-26
1.314296507696672884e-26
1.135006729546576005e-26
9.758782147828624160e-27
8.369060171133080492e-27
7.145252072402288514e-27
6.085675788389937354e-27
5.170761381493713543e-27
4.374668467660367359e-27
3.691711643342192334e-27
3.101635013608352725e-27
2.598715984339524454e-27
2.163466757869724461e-27
1.795713217375093073e-27
1.483163142872163285e-27
1.218785019361993630e-27
9.962437897221395799e-28
8.084229615773864809e-28
6.533673836722910458e-28
5.239150019336889504e-28
4.166676443129901235e-28
3.291083655135689464e-28
2.580557776992083739e-28
2.000373962075765442e-28
1.537554874796066795e-28
1.168899126981587069e-28
8.781600063035277176e-29
6.513471598528683671e-29
4.754650493279036182e-29
3.417956460612839347e-29
2.415691041516377411e-29
1.672026294257475048e-29
1.130480353713907441e-29
7.445319305552197921e-30
4.758381175797410777e-30
2.938485293989630968e-30
1.743158701728086165e-30
9.834489463944538638e-31
5.239659884405443012e-31
2.592501389954743242e-31
1.170223249581977137e-31
4.670924663944558413e-32
1.594059007075617817e-32
4.217289849173088871e-33
8.146962254805646800e-34
7.537556015696188564e-35
3.273707654561116194e-36
0.000000000000000000e+00
