2.900983671579584653e-08
2.703646173974984468e-08
2.522251695900271712e-08
2.353990403263053828e-08
2.194494634491074240e-08
2.046493439315290384e-08
1.911069386177314326e-08
1.781186877535748767e-08
1.662674307170830192e-08
1.552242295080981308e-08
1.448613981113694276e-08
1.349532133505614689e-08
1.259418451487536703e-08
1.173373697670689001e-08
1.097057686530805361e-08
1.022304413094144763e-08
9.543794985622338805e-09
8.882707586307838436e-09
8.296040207179646359e-09
7.726171369461842611e-09
7.209043191126763199e-09
6.718871255386859849e-09
6.273634466601825654e-09
5.843890690685363953e-09
5.446545034165797331e-09
5.078730313448105933e-09
4.732325248982607623e-09
4.412161073433689384e-09
4.111073240043231674e-09
3.833175811607847143e-09
3.572062104651016570e-09
3.327687593452736591e-09
3.101938441368579651e-09
2.888012300023887474e-09
2.690547261021400733e-09
2.506680319006708338e-09
2.334484372500015071e-09
2.174612007145769311e-09
2.026850658949252661e-09
1.886424957906481096e-09
1.756783431661520871e-09
1.635584790995961738e-09
1.523619989760687254e-09
1.418037684294330898e-09
1.320547117810288875e-09
1.229886269289397787e-09
1.145241927825548326e-09
1.065949880376677070e-09
9.927592126062550199e-10
9.243513793611298077e-10
8.606315995286631274e-10
8.012415725172953549e-10
7.459969413875604518e-10
6.946094378545521199e-10
6.468599488468752387e-10
6.025031077544312188e-10
5.610027510704973140e-10
5.225171290564168836e-10
4.868333414282542510e-10
4.532801699683931109e-10
4.222263419594369954e-10
3.934818429746178906e-10
3.665210453161032910e-10
3.414363332794100130e-10
3.181108488647991056e-10
2.964316208041328362e-10
2.762903514331073086e-10
2.573703981568985289e-10
2.399230942799818961e-10
2.235599687781330762e-10
2.083985992001718126e-10
1.942777208477465479e-10
1.810689901664537872e-10
1.688474765433921673e-10
1.573752673469202646e-10
1.467714613792019373e-10
1.368337905645445233e-10
1.276143739728262807e-10
1.189891630400145608e-10
1.109626976870734422e-10
1.034968484043624289e-10
9.652804721322373462e-11
9.005332406347539230e-11
8.399435626791479803e-11
7.837166498038188157e-11
7.308080352990668573e-11
6.821200830066183708e-11
6.363646664929605662e-11
5.934438397313461754e-11
5.544834542139732823e-11
5.167760881977224568e-11
4.825772815895659408e-11
4.505518629573667303e-11
4.205967152270316331e-11
3.926065383354940329e-11
3.664755878023700436e-11
3.420988930329177307e-11
3.193733703915804760e-11
2.981986281608247050e-11
2.784775856468420681e-11
2.601169790609229863e-11
2.430276189372125408e-11
2.267724883493751549e-11
2.120073759306394942e-11
1.979783885578520116e-11
1.849577458976329205e-11
1.726311414996212085e-11
1.612127242039705838e-11
1.506317508164069242e-11
1.408229232646538347e-11
1.315625651440840900e-11
1.228396947171885230e-11
1.147744817203279317e-11
1.073123055108881124e-11
1.001803620490981153e-11
9.369776530699533015e-12
8.751333673458263507e-12
8.180427067118529054e-12
7.645298992411695048e-12
7.144256108671744179e-12
6.675580955360947714e-12
6.237546368216495099e-12
5.828445437752339020e-12
5.446598633573719627e-12
5.090374970507813417e-12
4.758193871338539301e-12
4.448539508223736814e-12
4.156722383887757445e-12
3.885181022066368411e-12
3.632521131635420123e-12
3.394996003143970616e-12
3.172030987629919792e-12
2.965024801356933013e-12
2.770953995494923876e-12
2.590877006391709662e-12
2.420688421250693769e-12
2.262979106752424380e-12
2.115503321347663900e-12
1.976547927817677371e-12
1.846902018501754829e-12
1.726939986744903557e-12
1.613275576256756788e-12
1.508220115466792999e-12
1.408902267079979779e-12
1.316527751515630313e-12
1.230611124037938649e-12
1.149624309434111371e-12
1.074406212861775496e-12
1.003643376663086084e-12
9.379877186225429187e-13
8.763145799089472130e-13
8.184620716372034591e-13
7.645640913468708515e-13
7.143626819775835334e-13
6.673610903605579911e-13
6.231660725431187018e-13
5.820930147233716386e-13
5.437289718188492177e-13
5.077440470606027182e-13
4.741887507347428836e-13
4.427686214285216435e-13
4.133767539897146855e-13
3.860241823469047480e-13
3.603579346963967360e-13
3.364035754819856870e-13
3.140593500914021502e-13
2.931462931083908744e-13
2.735915704774252902e-13
2.553226134678271258e-13
2.385102892989948708e-13
2.223005659795424850e-13
2.075690393491262043e-13
1.936907811226238815e-13
1.806418727447919715e-13
1.683943879650682243e-13
1.572593183262427674e-13
1.464873734089156321e-13
1.367028560586528346e-13
1.275357694493680164e-13
1.189571834105232540e-13
1.109376694286893329e-13
1.032549669805976163e-13
9.628272941425861850e-14
8.978022379058897874e-14
8.371949146206773268e-14
7.794233121275805525e-14
7.269681876838460106e-14
6.770568610477351707e-14
6.307313188574629070e-14
5.877381852051548477e-14
5.478396050438809044e-14
5.100782413312002757e-14
4.751148178318878952e-14
4.427355997598935851e-14
4.121933793748535375e-14
3.839548864696978537e-14
3.573840383688970879e-14
3.328470415872128479e-14
3.098042725858907465e-14
2.882059157701687644e-14
2.683013536401160246e-14
2.496673880590302734e-14
2.324998746292231730e-14
2.162146070313424138e-14
2.012360904715506682e-14
1.872593128075471262e-14
1.742302321657767672e-14
1.619413804332250666e-14
1.506622390810744911e-14
1.401718253293838130e-14
1.303059533255709343e-14
1.212567185012554025e-14
1.126641050743433236e-14
1.047932114033377873e-14
9.741950725097800937e-15
9.059356817266008801e-15
8.421143956949037341e-15
7.825311168023556267e-15
7.274954214051231115e-15
6.761788847532271888e-15
6.283821881254542926e-15
5.839071053925708163e-15
5.425573850481395684e-15
5.041417705832209802e-15
4.684742095488849305e-15
4.351180041340710747e-15
4.042084486769682022e-15
3.755752207563291432e-15
3.488658196989700969e-15
3.239829242317283020e-15
3.009838022511613192e-15
2.795839221919040458e-15
2.596901273066109287e-15
2.410956299980485858e-15
2.239535912551777327e-15
2.079560566494859575e-15
1.931331405355586854e-15
1.793263866933072852e-15
1.665506804318020580e-15
1.546679965804797795e-15
1.436260472417347400e-15
1.333219957389960615e-15
1.238139551578419677e-15
1.149546237281747431e-15
1.067479557134922493e-15
9.911424537815320728e-16
9.202044629306196725e-16
8.546206007544495713e-16
7.934841800993721815e-16
7.367976614621916407e-16
6.840572970484013990e-16
6.352265937305404697e-16
5.898607196376987208e-16
5.477479120850944234e-16
5.090960995907264801e-16
4.723384714448037561e-16
4.391260969257726764e-16
4.069972362579058767e-16
3.780102282147438848e-16
3.517858085265416476e-16
3.264922979431867273e-16
3.029556183252594864e-16
2.816917925598999052e-16
2.613212003177542131e-16
2.429256106917960937e-16
2.258158418804467379e-16
2.099153145692416376e-16
1.947803024046038411e-16
1.811113199613059855e-16
1.681297298230789175e-16
1.563996539139009652e-16
1.452791047558132141e-16
1.350011261734895828e-16
1.255021030972061713e-16
1.167226355942723839e-16
1.084434033904367276e-16
1.008083856199612742e-16
9.376519852259559179e-17
8.714453559637533781e-17
8.104622937139694591e-17
7.542606202116901732e-17
7.015409919402122472e-17
6.521902760619160387e-17
6.068092269680853252e-17
5.643834236359898650e-17
5.253803159705966587e-17
4.889499262901995636e-17
4.549674682913053019e-17
4.233049843098355142e-17
3.938336655611488835e-17
3.667876266517761268e-17
3.412821109996012362e-17
3.178914201133146085e-17
2.958755917458220103e-17
2.754484931688289336e-17
2.565012961642815570e-17
2.389307477592732882e-17
2.226391765151131922e-17
2.073713795699830491e-17
1.930871195508509182e-17
1.798766164495449917e-17
1.676562329013742254e-17
1.562388685020410935e-17
1.455837753289800085e-17
1.356498638433046821e-17
1.264776605515778722e-17
1.178560050886016102e-17
1.099024154901776211e-17
1.024384528562086088e-17
9.550120599344281106e-18
8.905550722782966395e-18
8.306784277131132833e-18
7.746547578104093895e-18
7.222987449345284478e-18
6.737589249105943765e-18
6.284450438387337343e-18
5.861777807728683466e-18
5.467798966726149779e-18
5.100784931510945457e-18
4.759056758565462776e-18
4.439118410000427758e-18
4.141650008728719560e-18
3.865128019060995443e-18
3.606702118402445945e-18
3.365399462482709494e-18
3.139095398457252664e-18
2.929267564555877089e-18
2.733717677771167655e-18
2.550687583219905299e-18
2.380348252085071363e-18
2.221143647172930768e-18
2.072472294441785277e-18
1.934329213255076814e-18
1.804896478966506251e-18
1.683769277681996446e-18
1.571418164651942778e-18
1.465977088305638042e-18
1.367894419553776652e-18
1.276339731220678648e-18
1.191535437433910280e-18
1.111023182467301854e-18
1.035334709865472101e-18
9.665703654859973077e-19
9.018782627151963559e-19
8.411216469940750264e-19
7.841484542552501804e-19
7.307963931439889175e-19
6.822959516673668534e-19
6.355447943640348163e-19
5.930660160015517566e-19
5.522668731120371003e-19
5.152032520975984934e-19
4.797112732167544449e-19
4.474667853226098037e-19
4.166654050121222537e-19
3.880241192469833994e-19
3.613994910530463294e-19
3.366552835788940754e-19
3.136628644062259786e-19
2.918585595734650171e-19
2.716515026535057890e-19
2.529229606974138771e-19
2.355627261961507432e-19
2.191677350582539227e-19
2.037259854320879604e-19
1.897112193467395491e-19
1.762862981834561003e-19
1.639013973198004754e-19
1.524698325318777057e-19
1.417449229696463744e-19
1.317008892292627899e-19
1.224471554389683796e-19
1.136658226712971296e-19
1.055909055048942618e-19
9.805689113625757912e-20
9.103547495597120245e-20
8.458251560421475545e-20
7.849390380247335746e-20
7.283509140123285220e-20
6.751695984284662206e-20
6.264463238225148101e-20
5.807332753815556783e-20
5.388189134395407932e-20
4.990298980726348545e-20
4.621688096190701471e-20
4.280275415840354375e-20
3.960977286397113879e-20
3.665687018442062886e-20
3.387473721842450141e-20
3.130782609966031474e-20
2.891823815923814925e-20
2.669641113169358666e-20
2.463286392580928309e-20
2.271827834412487131e-20
2.092952364650029559e-20
1.928726514461257901e-20
1.774460320885405914e-20
1.633114558360535930e-20
1.501687100462924841e-20
1.379693899939311433e-20
1.266640711236424870e-20
1.162031824217286950e-20
1.065985413033082356e-20
9.767338879432218607e-21
8.944842492922301976e-21
8.187800351078029725e-21
7.487845701571271116e-21
6.842018863603468411e-21
6.250487397828438174e-21
5.706397222992792326e-21
5.206874027873877218e-21
4.749102188985530138e-21
4.330332178780595528e-21
3.946118825925870375e-21
3.596100891413824255e-21
3.276368464358631633e-21
2.985030620351650873e-21
2.720230938825424421e-21
2.480154344103464348e-21
2.263048199210283746e-21
2.066469608015389567e-21
1.889088104633165104e-21
1.730167397285800580e-21
1.587197613960965853e-21
1.460284978520491807e-21
1.342095595873094077e-21
1.232365982446194928e-21
1.133925940102383475e-21
1.039606672159300235e-21
9.551442040951971173e-22
8.769870001113413078e-22
8.047849033012854617e-22
7.381834146221133198e-22
6.784907586365258647e-22
6.218645643274853556e-22
5.698221594369545439e-22
5.232271624931443345e-22
4.792602452230332211e-22
4.389542429226254351e-22
4.020269154550111663e-22
3.682124517073681288e-22
3.372619005409196418e-22
3.089427212402141491e-22
2.824949131804026093e-22
2.588621011061311310e-22
2.368169941161005602e-22
2.163274517918296623e-22
1.976908829126864307e-22
1.807355995491171901e-22
1.653055995398324319e-22
1.510138291651850693e-22
1.378110102850550532e-22
1.258378612105440499e-22
1.147997011854464289e-22
1.047991622431052350e-22
9.559432221973723957e-23
8.713708428967979929e-23
7.937920884648064712e-23
7.237031894998853295e-23
6.585886805399533177e-23
5.998609911944785892e-23
5.461507866858843155e-23
4.970777567386086486e-23
4.517390645507725193e-23
4.109351146761210274e-23
3.733098203966151088e-23
3.390862505631273571e-23
3.076503822394323827e-23
2.794477892337975056e-23
2.533159753184544242e-23
2.299044921839824936e-23
2.082750893919926171e-23
1.887328886662420629e-23
1.709119899490851800e-23
1.548285695198842161e-23
1.400548992818385019e-23
1.267488509631198548e-23
1.145606009796631106e-23
1.035125972864068064e-23
9.350650659502140200e-24
8.445074521428099940e-24
7.619977045529870473e-24
6.874981445365628060e-24
6.197889789935560164e-24
5.583515894282297901e-24
5.030523231748563235e-24
4.526415948703097654e-24
4.073669900939144466e-24
3.662055165855018307e-24
3.293021627140317631e-24
2.956325294680744125e-24
2.655131501825286399e-24
2.382630322064666487e-24
2.136485642996073060e-24
1.914471847027221472e-24
1.714489095911940516e-24
1.534565631194068173e-24
1.372864969607180127e-24
1.227009565616873263e-24
1.096266453907008713e-24
9.786423156560958834e-25
8.729797600540893108e-25
7.781908458128283694e-25
6.932622621090854369e-25
6.169551082681445005e-25
5.487765799163799520e-25
4.876884253836068297e-25
4.330369166919608606e-25
3.842118418783903952e-25
3.411017431115867493e-25
3.022501303741173587e-25
2.673495979093223500e-25
2.360909303551673395e-25
2.090089284694605503e-25
1.840171279897481444e-25
1.624295457597408262e-25
1.431806656185945724e-25
1.260548912340545476e-25
1.108485629023218905e-25
9.737181053450619278e-26
8.574753748527880222e-26
7.517282063670446829e-26
6.584588140404912237e-26
5.763049089380896840e-26
5.040299298868098594e-26
4.405179147722531797e-26
3.835661955939046024e-26
3.348405533259863227e-26
2.912654264036695795e-26
2.532562615205540562e-26
2.201211418253865468e-26
1.907080812052439988e-26
1.651837130569016790e-26
1.430412714101052127e-26
1.235042998536439850e-26
1.063389124538374089e-26
9.155412219232724781e-27
7.881981287782791442e-27
6.768040097369913607e-27
5.797059264091829215e-27
4.965555204606975013e-27
4.243158106300700944e-27
3.617458188882624485e-27
3.077100343564760698e-27
2.611715538135989571e-27
2.216969761018980301e-27
1.873611853726555555e-27
1.580137052906261124e-27
1.332755153400463029e-27
1.119322126531244437e-27
9.381188447731873158e-28
7.829813203747251743e-28
6.522822440633752649e-28
5.424116641323685967e-28
4.493088280890624226e-28
3.715024029118830986e-28
3.059855488372444650e-28
2.515403994559916608e-28
2.055750150925648516e-28
1.676698420351068890e-28
1.362033350937001885e-28
1.101866697005808462e-28
8.876284085663870839e-29
7.105913423009183332e-29
5.673452478345172733e-29
4.499886542892473797e-29
3.544774238498242953e-29
2.777659576425869446e-29
2.164385938679264062e-29
1.670180524248833156e-29
1.280504779497743548e-29
9.730256949136892324e-30
7.323625879255949041e-30
5.455395673625351022e-30
4.010621966153742986e-30
2.912060050234356542e-30
2.085728496568487958e-30
1.468233177920375141e-30
1.013831227818225000e-30
6.849894097207995049e-31
4.514843594064498444e-31
2.892135109531494704e-31
1.791794493428436148e-31
1.064518315696331076e-31
6.026892198716664854e-32
3.208764152885160934e-32
1.578609709161101569e-32
7.020932212367977691e-33
2.714296197463310790e-33
8.553710338489205050e-34
1.977513599953930451e-34
2.502300976507500286e-35
1.766667594016817995e-36
0.000000000000000000e+00
