2.968131229591830855e-08
2.765187859009679789e-08
2.578728035020003916e-08
2.405890877389775456e-08
2.242130960016852199e-08
2.090263181843210568e-08
1.951360506634381429e-08
1.818206505842872098e-08
1.696758984591062345e-08
1.583636971992090869e-08
1.477525748242981291e-08
1.376103789961463354e-08
1.283896410659477866e-08
1.195877126588540524e-08
1.117837320620942558e-08
1.041413489342163919e-08
9.719940166001513115e-09
9.044449638297171138e-09
8.445194798697054621e-09
7.863206992330492675e-09
7.335247257093046693e-09
6.834891824482523587e-09
6.380543666971519707e-09
5.942071110171881222e-09
5.536776936353019822e-09
5.161655991575990683e-09
4.808474194918012975e-09
4.482088684695471402e-09
4.175239261714895294e-09
3.892059111261328699e-09
3.626057684549836435e-09
3.377139869190984918e-09
3.147258479772413660e-09
2.929444575640225365e-09
2.728447009604206630e-09
2.541316217113728391e-09
2.366111800947178014e-09
2.203470215726553541e-09
2.053190211156227606e-09
1.910393806280209598e-09
1.778599332442841938e-09
1.655409777306100661e-09
1.541636298752376844e-09
1.434369288802315081e-09
1.335349776866743441e-09
1.243286645413458371e-09
1.157356222812782113e-09
1.076878124686993542e-09
1.002612948579482345e-09
9.332181646325734066e-10
8.685970325686598623e-10
8.083830371084163073e-10
7.523879248274479368e-10
7.003170964154803579e-10
6.519468528530367535e-10
6.070266539908301509e-10
5.650119476019202696e-10
5.260613327849733700e-10
4.899576632297203430e-10
4.560204507919010820e-10
4.246213256467335260e-10
3.955666614814289543e-10
3.683239354214725921e-10
3.429854086034637303e-10
3.194318980503106234e-10
2.975482315109052514e-10
2.772240496609884516e-10
2.581389563324674546e-10
2.405455845576844930e-10
2.240513394575406307e-10
2.087739715795745311e-10
1.945501930590980396e-10
1.812500584630772803e-10
1.689484813128545622e-10
1.574053759560120557e-10
1.467399964811690750e-10
1.367483413841053094e-10
1.274823114652895389e-10
1.188167490300682612e-10
1.107557788998937754e-10
1.032606721544801161e-10
9.626721602127517860e-11
8.977205668314511458e-11
8.369628249767216059e-11
7.806014974956870024e-11
7.275867606190769715e-11
6.788198951632738585e-11
6.330079124456099024e-11
5.900506768248871993e-11
5.510722365424754903e-11
5.133620014081012618e-11
4.791739419656835970e-11
4.471709649717426315e-11
4.172484548606863190e-11
3.892997150953949396e-11
3.632177137139686206e-11
3.388963006288537700e-11
3.162313218652192075e-11
2.951214193619086653e-11
2.754686474656373899e-11
2.571789715968676205e-11
2.401625210794269445e-11
2.239833984870652658e-11
2.092934057279496962e-11
1.953415908206702757e-11
1.823980427596863570e-11
1.701496789815102489e-11
1.588086818505108992e-11
1.483040550480779691e-11
1.385702946966292212e-11
1.293849194829175051e-11
1.207366490993832876e-11
1.127441369987243519e-11
1.053526927021117859e-11
9.829173988957587650e-12
9.187679716265518929e-12
8.575993367051762881e-12
8.011609211368073992e-12
7.482865758710990131e-12
6.988059739670514519e-12
6.525465570310185146e-12
6.093349719109264695e-12
5.690000404708375476e-12
5.313734669747489231e-12
4.962919294011740683e-12
4.635972617214164490e-12
4.331378644446317138e-12
4.044504407800922756e-12
3.777727573183930330e-12
3.529656435916761859e-12
3.296593880081177447e-12
3.077960452848870413e-12
2.875110134181579920e-12
2.685063097907540460e-12
2.508839590214133278e-12
2.342407916117690887e-12
2.188288183545634731e-12
2.044271017609952573e-12
1.908672001241711320e-12
1.782249953432337056e-12
1.665356780992646910e-12
1.554682289689371490e-12
1.452466964048684694e-12
1.355907146497680124e-12
1.266166418919621703e-12
1.182763263874738601e-12
1.104206199654197534e-12
1.031301227458872079e-12
9.627677171802099570e-13
8.992299011925806195e-13
8.395924838216418987e-13
7.836931934628652245e-13
7.316554589645205457e-13
6.832242102302526480e-13
6.379148451428443427e-13
5.953437384119622859e-13
5.558100767095709613e-13
5.189117623896926227e-13
4.843275718687920348e-13
4.521023189609961722e-13
4.219496643177226727e-13
3.937638131105919822e-13
3.675521930131928963e-13
3.429736987811160631e-13
3.200502548569523510e-13
2.986819659636823662e-13
2.786954274660487088e-13
2.600189870429241545e-13
2.425814286881442771e-13
2.265438438075992755e-13
2.110901603200508997e-13
1.970537129649187978e-13
1.838374584936600345e-13
1.714175332521834321e-13
1.597663275922771422e-13
1.491784729221333626e-13
1.389406145722057882e-13
1.296453117598118662e-13
1.209401483471850416e-13
1.127969944192673987e-13
1.051873166329770630e-13
9.789975583889352265e-14
9.128824137260402457e-14
8.512395219649301104e-14
7.937999049113386944e-14
7.390611553428204545e-14
6.893706648339249836e-14
6.420990174913386745e-14
5.982309637336714905e-14
5.575244036128759605e-14
5.197523279488139376e-14
4.840069763546638620e-14
4.509125856592161361e-14
4.202657333044634564e-14
3.913583337343717596e-14
3.646314203987400859e-14
3.394823961938633058e-14
3.162574261492383129e-14
2.944454214703411947e-14
2.739989578137608122e-14
2.551539909088480354e-14
2.375097958409239592e-14
2.212518464396922492e-14
2.058269079616418025e-14
1.916371343648318326e-14
1.783937481658501969e-14
1.660456983576610224e-14
1.543964915977379738e-14
1.437017993735939101e-14
1.337523767626544531e-14
1.243927077034454185e-14
1.158052904462751391e-14
1.076487162112945302e-14
1.001748639023650135e-14
9.317081914256270593e-15
8.668486509068554468e-15
8.061847475141815399e-15
7.495284300708802370e-15
6.971765567612611170e-15
6.483435521512652139e-15
6.028418743709991222e-15
5.604849221087958004e-15
5.210878736264066979e-15
4.844705368763558975e-15
4.504575512267629919e-15
4.186342227262743077e-15
3.891313359032869058e-15
3.617881484617367021e-15
3.362696544155252859e-15
3.124842991554895690e-15
2.904883473389257405e-15
2.700111533879361680e-15
2.509648819937821078e-15
2.331527338208756743e-15
2.167226639798056074e-15
2.013807206209759603e-15
1.871568600500640333e-15
1.739000877544315343e-15
1.616257132864174365e-15
1.502021202486011997e-15
1.395799351892466307e-15
1.296610562156816198e-15
1.205022736622666673e-15
1.119625286915310371e-15
1.040463827835911223e-15
9.667768638159628489e-16
8.982520942182869334e-16
8.348529073734460194e-16
7.757090778317213406e-16
7.208287392878561634e-16
6.697297582445720675e-16
6.223821431882534083e-16
5.783597069151196396e-16
5.374616872038498351e-16
4.998950086712646895e-16
4.641405394506340962e-16
4.318083193467540135e-16
4.005051269968335159e-16
3.722394171572097296e-16
3.466466102302230809e-16
3.219418634450273314e-16
2.989335496649063925e-16
2.781295643885530492e-16
2.581826502761490455e-16
2.401543639399115287e-16
2.233721735450110642e-16
2.077629983714121178e-16
1.928927276116202599e-16
1.794515063092334819e-16
1.666755360157965587e-16
1.551216637889540407e-16
1.441591727903508917e-16
1.340189689605051115e-16
1.246397210887233939e-16
1.159640884964171056e-16
1.077763659701341640e-16
1.002198965000395327e-16
9.324392286954903645e-17
8.668160169170143171e-17
8.063267722289368850e-17
7.505414160220581044e-17
6.981770249043406365e-17
6.491266018893454645e-17
6.039931670510304415e-17
5.617732973483741826e-17
5.229371167009666345e-17
4.866427956390176464e-17
4.527696837096911965e-17
4.211936177701338540e-17
3.917892820928742567e-17
3.647933303985302237e-17
3.393252119479217923e-17
3.159606240837484583e-17
2.939624954042334102e-17
2.735461953592061467e-17
2.546045765237011027e-17
2.370358074170027474e-17
2.207434386916841707e-17
2.054732447845523457e-17
1.911858310522654126e-17
1.779721635699953367e-17
1.657491969547020592e-17
1.543302706612049236e-17
1.436750360920434224e-17
1.337427063683057671e-17
1.245740047111320499e-17
1.159579938814005424e-17
1.080121986995514908e-17
1.005583636377197694e-17
9.363352685817022731e-18
8.720248260200402106e-18
8.123165580376186306e-18
7.564836783784835802e-18
7.043401287058259024e-18
6.560316630071267280e-18
6.109684261321006322e-18
5.689697556336352398e-18
5.298570158824827786e-18
4.934557811689395157e-18
4.595966333514829676e-18
4.279304102645745517e-18
3.985215694080368111e-18
3.712161717472235743e-18
3.457297114011183908e-18
3.219633724751490495e-18
2.997052066483910144e-18
2.790975101261489430e-18
2.599210920502967550e-18
2.420006838338222279e-18
2.253501730194884596e-18
2.098145550700609767e-18
1.953324458893124425e-18
1.819004761206845850e-18
1.693391985177825744e-18
1.576069474046524268e-18
1.467466468842461817e-18
1.365754017709478201e-18
1.271341424641020492e-18
1.183404942343421255e-18
1.102133669355855898e-18
1.025152502023307682e-18
9.529553196452151246e-19
8.875202788358474542e-19
8.261093329937608903e-19
7.685772144029447114e-19
7.147643378729223814e-19
6.645017234213728230e-19
6.189279008976048916e-19
5.751128899126763366e-19
5.354076372867452878e-19
4.973744943058336359e-19
4.629169876156569909e-19
4.300101736574921153e-19
4.001958290598821081e-19
3.717935166611760500e-19
3.454559700814612212e-19
3.210402567812573152e-19
2.984111159504467783e-19
2.774412440588129712e-19
2.576092046547222339e-19
2.392800731692544352e-19
2.223378130195284560e-19
2.066750629786993423e-19
1.919222119543529908e-19
1.780638360123481726e-19
1.655187179646325783e-19
1.535323134998690982e-19
1.425026091677881522e-19
1.323471624802209462e-19
1.228426659353340701e-19
1.139629527267040968e-19
1.058011465025197523e-19
9.807387214118650957e-20
9.098430913439752191e-20
8.438418383256030256e-20
7.824631741499685121e-20
7.261708656099666342e-20
6.731640781681607827e-20
6.239960590941511645e-20
5.778766037516670578e-20
5.357012268664227192e-20
4.962017551924150726e-20
4.600467320410741257e-20
4.257819751311575478e-20
3.940893609713263113e-20
3.647796872174492483e-20
3.374079587051949937e-20
3.121287646879975758e-20
2.883421730796365687e-20
2.664222870294731627e-20
2.460396731998395468e-20
2.271079075991019272e-20
2.095418495668037719e-20
1.932582809739326531e-20
1.780571787552548004e-20
1.641111046996788756e-20
1.510191928264714575e-20
1.390304671296850466e-20
1.278882598790964637e-20
1.175499071815895000e-20
1.079721270217138059e-20
9.911173000358027362e-21
9.097772784108619179e-21
8.341961948726923747e-21
7.645430248656332613e-21
7.004262959350929729e-21
6.411337852688193761e-21
5.864121762059437928e-21
5.362742616320043875e-21
4.901385894891974053e-21
4.477616061105259133e-21
4.089053041967808060e-21
3.733377871432584031e-21
3.406833389578086938e-21
3.109135447034634744e-21
2.836985189192428041e-21
2.588801328903413778e-21
2.363033180233346837e-21
2.158165972223465901e-21
1.972738070505791653e-21
1.804696867635700663e-21
1.652938486453709805e-21
1.516867363652396765e-21
1.394367887305405242e-21
1.285549499205354566e-21
1.184078264122704680e-21
1.089731809730729231e-21
1.004963521931578736e-21
9.236142083711617490e-22
8.506445458371865647e-22
7.830063354735804926e-22
7.204100523197915268e-22
6.625620126076750923e-22
6.106162880105292496e-22
5.612422544602193478e-22
5.157714921971724226e-22
4.749749018024756997e-22
4.363962690022017378e-22
4.009503426871265127e-22
3.684006721264570585e-22
3.385242152846897665e-22
3.111117488593629681e-22
2.859675151790825739e-22
2.624245192471071935e-22
2.413320778228463801e-22
2.216039556184340202e-22
2.032167273178738489e-22
1.864442863377445231e-22
1.711402865269810411e-22
1.571715185207772748e-22
1.441935856440064038e-22
1.321664939884760297e-22
1.212240880543342014e-22
1.111025603341394035e-22
1.019011560184332971e-22
9.340224779873832612e-23
8.556541838083695195e-23
7.834989503359197889e-23
7.180616485776452156e-23
6.570302461403579599e-23
6.017627448125210885e-23
5.510084277700311546e-23
5.044390009700997011e-23
4.612241382453726997e-23
4.221555186548463264e-23
3.859627950835151315e-23
3.528838347873254279e-23
3.223496035393445319e-23
2.948181069794960388e-23
2.691760391240585536e-23
2.460807551473460646e-23
2.246264441103394341e-23
2.051324536024073706e-23
1.872518869962560296e-23
1.710179197448377321e-23
1.560138265430551764e-23
1.424140955247209069e-23
1.298750511623087308e-23
1.184318558277803137e-23
1.079954053730734237e-23
9.848223501287166849e-24
8.975019997038958740e-24
8.180553272550373177e-24
7.452806003741437752e-24
6.787084214497349510e-24
6.182846362819113056e-24
5.627254075149396747e-24
5.123812689821219135e-24
4.661896204427271064e-24
4.243840527377832960e-24
3.858687666419532770e-24
3.510671578587523723e-24
3.192545724112430855e-24
2.902114888069444581e-24
2.637264493713818583e-24
2.395981573859746852e-24
2.176356411129156692e-24
1.976595050374117730e-24
1.794168899288550999e-24
1.628551020124348843e-24
1.477589016816000146e-24
1.340138510349791640e-24
1.215110010821287912e-24
1.101477730742539355e-24
9.978696920077939599e-25
9.038889741363107456e-25
8.183638837954533943e-25
7.406180074754876960e-25
6.700104070977934034e-25
6.066152413370330156e-25
5.484990255976862577e-25
4.953630845179884581e-25
4.468952248335989245e-25
4.041176344699596989e-25
3.638806742739577224e-25
3.284333494804961353e-25
2.961899459648451064e-25
2.669091739190920118e-25
2.403577052380641064e-25
2.163133362956844080e-25
1.951171175672269464e-25
1.754003233651690739e-25
1.576038169910995517e-25
1.415542946374878528e-25
1.270910816280306783e-25
1.140661843609337067e-25
1.020883118416829312e-25
9.157394748479778834e-26
8.192277044428517981e-26
7.327606155341957582e-26
6.553088589222175263e-26
5.846219714848601165e-26
5.215146677573279652e-26
4.651745410108214924e-26
4.139881437849130583e-26
3.676414742419747029e-26
3.264818557018120418e-26
2.899200445172377560e-26
2.569211383561474625e-26
2.272217246089086612e-26
2.009508538766436654e-26
1.773662198475444910e-26
1.562453330155045867e-26
1.373750354149045467e-26
1.205531698190578258e-26
1.057800492163055303e-26
9.247057519452961255e-27
8.067961252667338290e-27
7.037684325307251638e-27
6.115947634756025638e-27
5.304094757635368081e-27
4.582658612863010718e-27
3.951737047023391441e-27
3.401127127710894320e-27
2.916636576763390234e-27
2.496084330283967038e-27
2.128213484244262279e-27
1.810588610510963777e-27
1.531920789561798005e-27
1.293048879274829619e-27
1.086944107605833123e-27
9.098069602621853772e-28
7.581812557006583794e-28
6.279214415492784176e-28
5.183589708202129800e-28
4.250696806673131960e-28
3.461530082892569985e-28
2.802828322692823784e-28
2.255725402361706761e-28
1.797786036253849051e-28
1.422761713905847556e-28
1.115583858216820176e-28
8.660470929229810920e-29
6.651156028827061562e-29
5.039528514583560489e-29
3.769402682818607585e-29
2.779430746218812173e-29
2.013537825555272628e-29
1.430092360418758601e-29
9.934074831824439702e-30
6.727694534781612081e-30
4.425937562279972245e-30
2.814269172220939118e-30
1.715191249344770207e-30
9.956629700974309847e-31
5.431005836075802192e-31
2.737876285155017303e-31
1.245655062758176455e-31
4.938574398493434544e-32
1.588429295156276114e-32
3.797828626312865652e-33
4.910494015783950128e-34
3.558469998353227567e-35
0.000000000000000000e+00
