4.876013450771957313e-08
4.542620306008729416e-08
4.236306150914158817e-08
3.952371162799067801e-08
3.683348165484530161e-08
3.433861444098777557e-08
3.205673651755243263e-08
2.986929718734200888e-08
2.787417061988167656e-08
2.601581459602476183e-08
2.427263104295227300e-08
2.260648222899865164e-08
2.109170950852583949e-08
1.964573835745840750e-08
1.836370897883834898e-08
1.710822665528186289e-08
1.596781116603108085e-08
1.485812273105970474e-08
1.387367344889903087e-08
1.291759025967330603e-08
1.205026379350563635e-08
1.122828537312722099e-08
1.048188720000407099e-08
9.761569289719686865e-09
9.095756463333288038e-09
8.479511886892976191e-09
7.899308702511225307e-09
7.363126163775888256e-09
6.859037295029793361e-09
6.393832047756040427e-09
5.956847819552582110e-09
5.547928360828569061e-09
5.170281733984094027e-09
4.812459439698353424e-09
4.482262841315866122e-09
4.174846426522552900e-09
3.887022532031126675e-09
3.619836718518529502e-09
3.372958374204977070e-09
3.138374005442720034e-09
2.921863488400388738e-09
2.719489037482338027e-09
2.532583213966792175e-09
2.356366145757002499e-09
2.193697976885938874e-09
2.042457673623425546e-09
1.901292117244358312e-09
1.769083579750598510e-09
1.647081562449641601e-09
1.533080572006549397e-09
1.426921684553623594e-09
1.328002792807302505e-09
1.236014636105405525e-09
1.150473249930068353e-09
1.071011143984023725e-09
9.972167336561516534e-10
9.281954345167833090e-10
8.642077914268285872e-10
8.048970788078825023e-10
7.491453981952742190e-10
6.975632595674740441e-10
6.498325757401389946e-10
6.050785239719123007e-10
5.634526698467402412e-10
5.247592208762016052e-10
4.888089733485602470e-10
4.554206301755537090e-10
4.240678480440495010e-10
3.951656497305098298e-10
3.680690846707193121e-10
3.429715921735300790e-10
3.196049247246038956e-10
2.977556093908634733e-10
2.775467132840550080e-10
2.585838263259261433e-10
2.410628578261361230e-10
2.246486763495789403e-10
2.094265439623885526e-10
1.951908529756211987e-10
1.819483796007472131e-10
1.696355003920222006e-10
1.581467273105232874e-10
1.474765507422236089e-10
1.374953355058968566e-10
1.282363584040427994e-10
1.195271555385402729e-10
1.115157883340254492e-10
1.039898460269334363e-10
9.693287844388529427e-11
9.052954299792230093e-11
8.433454690361995459e-11
7.871816997139300946e-11
7.346075598876862667e-11
6.854511882529878747e-11
6.395373049081377261e-11
5.966900789192866725e-11
5.567351280860954656e-11
5.195013494003259734e-11
4.848222329500800789e-11
4.525368746897077317e-11
4.224907956426418975e-11
3.945363572471245240e-11
3.679574719891123543e-11
3.438249128990479254e-11
3.209050242929332347e-11
2.996415054104644763e-11
2.795200276479911946e-11
2.608891618680022185e-11
2.436322760964635978e-11
2.276417612812606117e-11
2.125521275595721284e-11
1.983448437657808836e-11
1.852148324914378023e-11
1.730722488173760361e-11
1.614725929308923072e-11
1.509341953322461992e-11
1.408854790333040381e-11
1.316138379849576759e-11
1.229276984994131364e-11
1.147990794534955882e-11
1.071996331434352607e-11
1.001008813034190285e-11
9.347470297690061511e-12
8.729345072483567278e-12
8.153029418454899998e-12
7.615925001420952691e-12
7.115541361562708006e-12
6.644267509983294200e-12
6.206009450171800540e-12
5.798480904936504704e-12
5.415608292770405511e-12
5.056439694918448994e-12
4.723199414821027574e-12
4.410992226704551904e-12
4.121494179822900015e-12
3.848082049847654444e-12
3.594895842459490993e-12
3.358306020808979751e-12
3.135545442997898446e-12
2.927860688548070955e-12
2.735829866111114305e-12
2.554015024883111475e-12
2.386096808286076477e-12
2.227469398389671659e-12
2.080044314757891421e-12
1.943030525818513747e-12
1.813977841768155909e-12
1.694210352545164979e-12
1.581624253043989020e-12
1.477245025367132227e-12
1.379273329786142896e-12
1.287442588287733927e-12
1.201955568430959635e-12
1.122393243857309399e-12
1.047959515520263438e-12
9.780241679977164824e-13
9.130787018750355235e-13
8.524625555467343613e-13
7.956480264306611925e-13
7.427087341694665692e-13
6.931742836198184453e-13
6.468708761972544225e-13
6.038107140025329268e-13
5.634334330789369411e-13
5.257750506604446264e-13
4.906714598809043520e-13
4.578377935061750189e-13
4.271563418884782761e-13
3.985101121534742804e-13
3.721637434970627108e-13
3.467766016490182955e-13
3.237176797852135689e-13
3.020061618010357637e-13
2.816028447471095389e-13
2.624623717959772716e-13
2.450687601956103484e-13
2.282501187138421297e-13
2.129798971379369406e-13
1.986791500995476139e-13
1.853016660825443538e-13
1.728005708236616282e-13
1.608286458289044871e-13
1.499673223314140283e-13
1.398406956386654443e-13
1.304045783077272942e-13
1.214121565268602564e-13
1.132490572109937702e-13
1.054833227992340511e-13
9.827672701098153814e-14
9.158949793213277515e-14
8.538434274339570743e-14
7.951213556340464233e-14
7.407542533417746658e-14
6.904079402085288557e-14
6.429191810440662909e-14
5.990125007656212331e-14
5.576979594561953653e-14
5.195442332319878132e-14
4.837117110233155143e-14
4.501224846386330230e-14
4.191641795638458185e-14
3.901784893013997681e-14
3.634701082257836621e-14
3.381301883642730177e-14
3.148193838312238407e-14
2.930632941421293374e-14
2.727780532621928063e-14
2.536408640820433780e-14
2.360717409189938046e-14
2.197269385077382461e-14
2.043509767670730869e-14
1.902436618222713758e-14
1.768441310719228862e-14
1.645661684184876825e-14
1.530600004572748735e-14
1.424049462323338658e-14
1.324391466756989290e-14
1.231317089461774591e-14
1.145314005809064004e-14
1.065091681086349632e-14
9.903420235653862608e-15
9.207584866566737251e-15
8.560374472344181321e-15
7.958828877780820085e-15
7.400067277637111578e-15
6.877277125134141977e-15
6.392606934169341414e-15
5.943416047921672354e-15
5.524201024770963629e-15
5.133457815633038785e-15
4.772110730130882298e-15
4.435713632375808233e-15
4.122823573543344233e-15
3.830207555719306268e-15
3.560296169243325200e-15
3.308260405349824082e-15
3.074592382945006393e-15
2.856811580725511906e-15
2.655169502339111230e-15
2.467503968035237428e-15
2.293003876160511104e-15
2.130057619574904334e-15
1.979598143666594723e-15
1.839308149314842199e-15
1.709262572015021549e-15
1.588210435193821099e-15
1.475638694787558665e-15
1.371487205546977453e-15
1.274326370641678792e-15
1.184169552016234948e-15
1.100224706045903046e-15
1.022442563000847036e-15
9.501229872140653342e-16
8.829361687088939426e-16
8.212220409777784865e-16
7.624849908410118150e-16
7.093699740425305604e-16
6.579454327592492818e-16
6.115108344505346136e-16
5.694672517494488071e-16
5.288825645154151300e-16
4.910847588277939279e-16
4.569081998448781865e-16
4.241396279758816164e-16
3.945229567878062273e-16
3.669533583539058039e-16
3.413107764683315306e-16
3.168820586547492936e-16
2.948009676262148372e-16
2.738127436634757688e-16
2.548321690093211068e-16
2.368231089548852744e-16
2.201648932483288806e-16
2.047567676489665098e-16
1.905045335185145225e-16
1.770538326966231988e-16
1.646401474763766699e-16
1.531800944587119363e-16
1.423995851562720953e-16
1.324624783401856841e-16
1.232981211679353866e-16
1.146957563908686865e-16
1.066378066613310272e-16
9.922333545611172504e-17
9.228750153786745881e-17
8.590753634881324654e-17
7.994514506636748073e-17
7.438050736638125586e-17
6.919322586383979957e-17
6.436271382839062828e-17
5.992784847386455247e-17
5.574397388998639389e-17
5.190566500520234012e-17
4.829183653752039914e-17
4.493786914409566565e-17
4.182616076339730836e-17
3.893998263138919732e-17
3.626349006205928983e-17
3.375491897546055922e-17
3.140779769055826084e-17
2.923707005782773739e-17
2.722909350894509285e-17
2.535320367420104357e-17
2.360277215637770943e-17
2.197109855598867869e-17
2.046487287489321370e-17
1.904944256826825825e-17
1.774411452973905239e-17
1.651960512616631342e-17
1.538199897441266714e-17
1.432551252395742588e-17
1.334463011117988183e-17
1.242741216954157990e-17
1.157080216315943454e-17
1.077719454172452530e-17
1.003689922585923091e-17
9.346948319385474126e-18
8.704407221474360958e-18
8.106410490434812443e-18
7.550174947481585198e-18
7.029964591290737158e-18
6.546838332645139755e-18
6.098267279515758799e-18
5.679577596508521698e-18
5.289145948875539931e-18
4.923490470255676061e-18
4.584948796122182486e-18
4.269920078924277247e-18
3.975525022748325955e-18
3.701991773336781839e-18
3.446773930308652640e-18
3.208863082146471019e-18
2.988203877801205643e-18
2.781848374043090321e-18
2.589112091281190248e-18
2.410700181567525648e-18
2.243608060295851525e-18
2.088508126385427894e-18
1.944047134998015917e-18
1.810534750220178184e-18
1.684059003293413529e-18
1.565429923737335325e-18
1.457900220534508908e-18
1.356972643900383197e-18
1.262409936480521871e-18
1.173951253230856477e-18
1.091320235516798679e-18
1.016390284513575552e-18
9.443453493486698900e-19
8.790522246116602109e-19
8.165034611361666853e-19
7.598305830041150184e-19
7.057041160418616114e-19
6.566609109168312122e-19
6.099375638457242730e-19
5.666085134891444052e-19
5.264393189466467342e-19
4.892080763692129609e-19
4.547058933409538360e-19
4.220753166746464382e-19
3.919174527301670640e-19
3.640417650434973755e-19
3.382719277696452207e-19
3.140001120680885509e-19
2.912012230181220294e-19
2.705643761462235518e-19
2.508484977505181663e-19
2.327083893628468602e-19
2.160084748298009533e-19
2.003815757177644401e-19
1.857847329357559898e-19
1.723709848355657586e-19
1.596746013683613449e-19
1.480293787698211810e-19
1.371916085753356713e-19
1.271165553723689712e-19
1.178801303608140743e-19
1.091866873974873121e-19
1.011268504361847735e-19
9.357093504779779171e-20
8.666540065664789688e-20
8.020231749886118216e-20
7.428785458512810496e-20
6.868101304238643777e-20
6.349381383817338100e-20
5.869573895803200475e-20
5.421432501843831521e-20
5.007521943516451850e-20
4.618048909467619292e-20
4.259164762828992608e-20
3.925497811776831302e-20
3.615652155004036334e-20
3.328249804540384134e-20
3.061941365641980193e-20
2.813466115797934716e-20
2.585650559714731733e-20
2.371951067671496309e-20
2.176434463822915228e-20
1.994911982406718661e-20
1.826687546196576119e-20
1.671053343893374820e-20
1.527301523049888512e-20
1.395567626155571918e-20
1.273403670024272583e-20
1.161072733688187015e-20
1.057928695417453027e-20
9.628115746751478195e-21
8.753011680956036587e-21
7.953997031068528975e-21
7.221603890736973591e-21
6.551773056679665652e-21
5.940531054103901026e-21
5.384002621072150142e-21
4.876087365922908981e-21
4.416106347564548572e-21
3.998707097338713761e-21
3.621216751767436626e-21
3.281011118159618504e-21
2.975526040643413006e-21
2.702284640631173580e-21
2.457970270747922834e-21
2.240689522400841571e-21
2.049262557833193839e-21
1.880387536791400090e-21
1.733300253917243609e-21
1.596497499833837589e-21
1.469309315610747459e-21
1.355041183184345412e-21
1.245389046389883904e-21
1.147038201742317170e-21
1.055878658512223542e-21
9.715190984899467821e-22
8.935626937527887819e-22
8.235635850654318108e-22
7.570327574383502188e-22
6.957638395455429703e-22
6.407947896140433179e-22
5.888154999584271793e-22
5.410579687442409097e-22
4.972031346904812726e-22
4.569500780102474111e-22
4.200165667511986571e-22
3.861385737382567254e-22
3.544171797235634922e-22
3.259965734541931349e-22
2.994130134254064505e-22
2.746347782880624654e-22
2.520308916049593999e-22
2.314041513161265619e-22
2.125750810430072756e-22
1.950794948892438515e-22
1.788634896193305906e-22
1.641076334533805146e-22
1.504563195734450848e-22
1.380435646479535871e-22
1.265759743993168445e-22
1.159991591583480897e-22
1.062582616574894268e-22
9.742168906000107972e-23
8.917743831897187108e-23
8.170917324528561536e-23
7.484818162680681085e-23
6.855033184810435554e-23
6.270354516043609931e-23
5.741520384422331891e-23
5.251363829972501318e-23
4.803131827124163570e-23
4.389223800009751836e-23
4.015916585459661904e-23
3.668129849854610251e-23
3.354793656483017650e-23
3.063632882045670980e-23
2.798993377858218899e-23
2.556178839621068660e-23
2.335651978331909670e-23
2.131762612458762601e-23
1.946892015991882924e-23
1.776378309700803270e-23
1.620708303571074221e-23
1.478678996226181280e-23
1.349163203396927164e-23
1.230233398196571240e-23
1.121981802748414687e-23
1.022778054312134118e-23
9.319885809318306501e-24
8.495460062000823940e-24
7.737044812337089600e-24
7.049480285588610130e-24
6.418307722023008969e-24
5.846769338508750345e-24
5.319930007014951617e-24
4.843624616070277172e-24
4.407979579706064048e-24
4.010026224465323485e-24
3.646903196700684524e-24
3.315885267553937740e-24
3.014385544842553002e-24
2.739972815869286832e-24
2.489202204976360562e-24
2.261376689130997613e-24
2.053561535913315795e-24
1.864205206973784519e-24
1.691829539557717938e-24
1.535041997580069926e-24
1.391969442465242933e-24
1.262082714928339605e-24
1.143780548214002403e-24
1.036143870701590017e-24
9.383011113610704742e-25
8.503751932991738209e-25
7.697070991962954870e-25
6.958914365000356894e-25
6.285031501513298359e-25
5.689744938550281544e-25
5.129305600608906866e-25
4.635113061526621539e-25
4.185155587919416844e-25
3.776133998113632934e-25
3.404854595118640300e-25
3.068273476226577560e-25
2.771238118680564137e-25
2.494623931650566050e-25
2.244656233294631112e-25
2.018952934534511817e-25
1.815303616514713792e-25
1.631670725490761979e-25
1.462573721340171580e-25
1.313933847811074108e-25
1.177304670154075400e-25
1.054716929398326697e-25
9.447466230614956717e-26
8.442267273281730162e-26
7.543425636317031157e-26
6.739667341494587079e-26
6.008214884049732110e-26
5.344777136304530839e-26
4.754546004377582247e-26
4.229305019765641111e-26
3.754377652495234771e-26
3.326130230587408262e-26
2.946592126784472399e-26
2.605197361796292149e-26
2.298856653439305175e-26
2.024603097575390411e-26
1.779616389600860187e-26
1.564020239789601611e-26
1.369377433585285299e-26
1.196575822877587572e-26
1.045264855119108898e-26
9.096086174007644306e-27
7.898718290416574683e-27
6.832512332767670181e-27
5.898751469969666884e-27
5.082848921511807264e-27
4.364024433866003568e-27
3.739268859166339030e-27
3.192068425501454161e-27
2.718988313129331055e-27
2.303378408814020929e-27
1.946637440947512373e-27
1.638410553161039415e-27
1.373136415491291424e-27
1.145748129412564554e-27
9.501229234450630213e-28
7.853442031419098317e-28
6.448363450238694984e-28
5.258010058564329873e-28
4.262971555938533917e-28
3.435285196743955828e-28
2.741450818787746806e-28
2.172384270418359436e-28
1.705563613605179916e-28
1.325765144697450004e-28
1.019480105130961744e-28
7.734417262156026460e-29
5.792435134516828619e-29
4.276508403637065567e-29
3.101944630375037340e-29
2.205838539298382195e-29
1.534142569765586066e-29
1.040219929189749961e-29
6.851338686909366364e-30
4.361504933452463762e-30
2.661180015753167652e-30
1.546505745055168033e-30
8.444701042525358910e-31
4.261557763253692435e-31
1.940827849907683518e-31
7.702079315730196940e-32
2.479556273611050354e-32
5.933647179850606512e-33
7.678371337846611846e-34
5.568545651176619111e-35
0.000000000000000000e+00
