2.627734945835565647e-08
2.441873305000196233e-08
2.263563817856799730e-08
2.106483045844987834e-08
1.950769720968029070e-08
1.813750185944952029e-08
1.682369718238731808e-08
1.563153707314545597e-08
1.449022882925079344e-08
1.348639572836122522e-08
1.249596854617999284e-08
1.160296318685396884e-08
1.074857271822854635e-08
9.980614670623026078e-09
9.262520087335160904e-09
8.601982901917169120e-09
7.968844935844695872e-09
7.390447420685672692e-09
6.848636883552615203e-09
6.355500150188546174e-09
5.882826986697234981e-09
5.463474091044331835e-09
5.060611968156615441e-09
4.697017354128554765e-09
4.341723603395201377e-09
4.034307916199448508e-09
3.728153790428704470e-09
3.463737522870487941e-09
3.200830651260102336e-09
2.974111814452347808e-09
2.748931873733644919e-09
2.551939518351833645e-09
2.359743834632703460e-09
2.189401127742709904e-09
2.023564856630278902e-09
1.879038488868846488e-09
1.736410429990038529e-09
1.612314163922463903e-09
1.491578722927912503e-09
1.383896905887715462e-09
1.279491023354830416e-09
1.187717272407824068e-09
1.098812409295158817e-09
1.019825605254328206e-09
9.435189163818218503e-10
8.765171866383360077e-10
8.111958714907901442e-10
7.532578876799682290e-10
6.975577928958878737e-10
6.481325094083086380e-10
6.003054759710115768e-10
5.578492934700484498e-10
5.169376614566577114e-10
4.805735153771188477e-10
4.456700814301937977e-10
4.145806686044008944e-10
3.846284160912165253e-10
3.578920467263300766e-10
3.324478777580681299e-10
3.093258854185614832e-10
2.874425830575496336e-10
2.677828264877103368e-10
2.489903086670099934e-10
2.319420836041949722e-10
2.158437736134720403e-10
2.011890258965726954e-10
1.874073467890089755e-10
1.746705898914072841e-10
1.628174226385756630e-10
1.518346563868882506e-10
1.415910860218164161e-10
1.321297876256288281e-10
1.232390191300892101e-10
1.150547296264580143e-10
1.073483857928897509e-10
1.002434869016624917e-10
9.357065374953497979e-11
8.738422912689778238e-11
8.158705695584787791e-11
7.618933431992425186e-11
7.116128586379469117e-11
6.646234739712023567e-11
6.209019433087232044e-11
5.799285808438568341e-11
5.418489780519542188e-11
5.059631493716848893e-11
4.728907820723544904e-11
4.417642087772091267e-11
4.125223163994154227e-11
3.859394242842639820e-11
3.601733895939599536e-11
3.367700676855815191e-11
3.148220279036903524e-11
2.942627636632080301e-11
2.750241085657726467e-11
2.570372115508432714e-11
2.402335519228980386e-11
2.245455276669977516e-11
2.099071693436923840e-11
1.962544335259983103e-11
1.835256856821747805e-11
1.716617816047894979e-11
1.603613730679894321e-11
1.500827356515750176e-11
1.403033804868067303e-11
1.312147252324297475e-11
1.225990573192317494e-11
1.146076069935069526e-11
1.071926697481017709e-11
1.003101111839305594e-11
9.380425819208522668e-12
8.766837722881165685e-12
8.198814744659530311e-12
7.672634789238049174e-12
7.169145755932395538e-12
6.710967480949218458e-12
6.273367431350891687e-12
5.868951815412622677e-12
5.489467372113026302e-12
5.133774033207682004e-12
4.800709475920430432e-12
4.489100135928427119e-12
4.197781529061266556e-12
3.925604414838302142e-12
3.671448996533660768e-12
3.434227472989296552e-12
3.212893516817748363e-12
3.004125719922968560e-12
2.809696503044110313e-12
2.628636588240935366e-12
2.458284910012073676e-12
2.298249624512757108e-12
2.149555243065473169e-12
2.010049236773671876e-12
1.880509663867725612e-12
1.757998114156178258e-12
1.644392998698243230e-12
1.538090160829511030e-12
1.437865198305323683e-12
1.344297035226709306e-12
1.257666187742235129e-12
1.175535528273890895e-12
1.099582539577918590e-12
1.027738313520040172e-12
9.608808801196647056e-13
8.986651148853165113e-13
8.399894289405368856e-13
7.854661387513427921e-13
7.341473817031039929e-13
6.865097336122409427e-13
6.417407400562557466e-13
5.997256995676848893e-13
5.605647219133152503e-13
5.240730955348684307e-13
4.898921582837481163e-13
4.577378492453454135e-13
4.278416130741746130e-13
3.999047551255022426e-13
3.736886639952834289e-13
3.492315925806924863e-13
3.263203476590719165e-13
3.048782052080913319e-13
2.849144703250778006e-13
2.661726416133941208e-13
2.486723831129163595e-13
2.323403903664295917e-13
2.170467529354114182e-13
2.027390768966730658e-13
1.893650484035367729e-13
1.770507240378545028e-13
1.651711054458225456e-13
1.543685822056345233e-13
1.441857334004496699e-13
1.346055511781250130e-13
1.256080243917702968e-13
1.174224292616137453e-13
1.094984424770229809e-13
1.022958145128751152e-13
9.554289497489160993e-14
8.921885886605494703e-14
8.330247269930443492e-14
7.763007449483965263e-14
7.247801450597899621e-14
6.766906154830539786e-14
6.318297739954289209e-14
5.890298003960643423e-14
5.501328516670170065e-14
5.130874497657165456e-14
4.786699317341777363e-14
4.466963703688536532e-14
4.169938480698770336e-14
3.888527635414781695e-14
3.627684116634431463e-14
3.385852115614642866e-14
3.157479448526711032e-14
2.946084675707912620e-14
2.746934174709560550e-14
2.562800351696811732e-14
2.389660803846341527e-14
2.227162446095851686e-14
2.077207630065892720e-14
1.936633801529311962e-14
1.806942666736869731e-14
1.683740787145054046e-14
1.570258679489116324e-14
1.464208240006661007e-14
1.365197607657260421e-14
1.271665394149716466e-14
1.185680259914902658e-14
1.105577625199711561e-14
1.030117836119558830e-14
9.607861308435077902e-15
8.948378989503220224e-15
8.343208094067207959e-15
7.775233884780680910e-15
7.248475048610172928e-15
6.755030779046534880e-15
6.293456674963083005e-15
5.866265641562636190e-15
5.467137789353036566e-15
5.094618149384779488e-15
4.747254026414919107e-15
4.423603436332624017e-15
4.122256344531228796e-15
3.841838319425438319e-15
3.578989761628680102e-15
3.334849500896639653e-15
3.108148669754083727e-15
2.896164661428560104e-15
2.698184465993353748e-15
2.514727940377724467e-15
2.343586613462395024e-15
2.184070416411019658e-15
2.034570025831091628e-15
1.896368744170744996e-15
1.767033779252674347e-15
1.646853484613853861e-15
1.534586597182795653e-15
1.430396245170906140e-15
1.333197331009580180e-15
1.242598839983422017e-15
1.157790526155148281e-15
1.079285189665255660e-15
1.005900155638062854e-15
9.376983335748580252e-16
8.740467579406337058e-16
8.146965733463426662e-16
7.596374362634921070e-16
7.081330385932380306e-16
6.602083069895793275e-16
6.154594490265786237e-16
5.738768391194361305e-16
5.351021452099730459e-16
4.989732272593348191e-16
4.656885725515395771e-16
4.339136375708791722e-16
4.050919597052006420e-16
3.771003812908637685e-16
3.517443283029848998e-16
3.287139074555218600e-16
3.064116460829250118e-16
2.855723293187787693e-16
2.666674323034432469e-16
2.484808445259652901e-16
2.319879742873996774e-16
2.165832850143438689e-16
2.022065139223719727e-16
1.884625558262010131e-16
1.759957325653758658e-16
1.641039859315435987e-16
1.533114335141166941e-16
1.430346148824640011e-16
1.334940465665375251e-16
1.246371828316423797e-16
1.164147292374492711e-16
1.086258999444420679e-16
1.014105809335605510e-16
9.472452771667700389e-17
8.841109709023458739e-17
8.256933524041854971e-17
7.716129402780537401e-17
7.206539358624291286e-17
6.727339786168158110e-17
6.284680778695940401e-17
5.868971514297181943e-17
5.485072453683780287e-17
5.124885005139731844e-17
4.787387643923085112e-17
4.471516204559456487e-17
4.176182731503293353e-17
3.903947258715862032e-17
3.646080533277444784e-17
3.408552771453130310e-17
3.184007652192738156e-17
2.974755786217294284e-17
2.779823206334226152e-17
2.598279412165851397e-17
2.429237466887875363e-17
2.270152308443593197e-17
2.120691573257040835e-17
1.981892582542335735e-17
1.852973020223855551e-17
1.732040203189993696e-17
1.618731513574221773e-17
1.512675486847989953e-17
1.414372204586002634e-17
1.321616466832943741e-17
1.235726367215044352e-17
1.154825826382967112e-17
1.079360523266932857e-17
1.008992225349133896e-17
9.433963087831479279e-18
8.818113670765257539e-18
8.240647867217572298e-18
7.703514469220415214e-18
7.200473779321392507e-18
6.729785948302469061e-18
6.289713757169653590e-18
5.878543715292353264e-18
5.494598227599637960e-18
5.134126254735931246e-18
4.798059220869021693e-18
4.484835382956875253e-18
4.191366220892211850e-18
3.916668860058196095e-18
3.658433526148724810e-18
3.418451044227244746e-18
3.194308016770234099e-18
2.984073283390109503e-18
2.788020238355407172e-18
2.604428691297981557e-18
2.432666929460908053e-18
2.272787822472822928e-18
2.122738616852519094e-18
1.982093709618116662e-18
1.851441543226544831e-18
1.728649518027728198e-18
1.614271798865806459e-18
1.507370318484391770e-18
1.408231881116495031e-18
1.314004301900842549e-18
1.225326605709656341e-18
1.144680561358036130e-18
1.068739784934585001e-18
9.973562303829811829e-19
9.303626124823910001e-19
8.675783567461516132e-19
8.104625271380337262e-19
7.553696657293506066e-19
7.052798523452093326e-19
6.571420629309768307e-19
6.133872784493162807e-19
5.714658151632447155e-19
5.333611571032786695e-19
4.969446834834671068e-19
4.630666355833679049e-19
4.315601990580706282e-19
4.022666265302489749e-19
3.750357618670805903e-19
3.492015859431662996e-19
3.252501904731392501e-19
3.030424117583065867e-19
2.824488767246371465e-19
2.629924721258194883e-19
2.446595901196680079e-19
2.280137627058548932e-19
2.120614520958294564e-19
1.973381693463160461e-19
1.837417216187521285e-19
1.709794255057137094e-19
1.590210724784233363e-19
1.479976172763757906e-19
1.375308501961254681e-19
1.279002219725123481e-19
1.189089653726347959e-19
1.105238278450104515e-19
1.028121340593035975e-19
9.553049306821005349e-20
8.875758435674665669e-20
8.238720074581801026e-20
7.654580134901619305e-20
7.106038069559482853e-20
6.602595826915450523e-20
6.124188929014557281e-20
5.680503488676508236e-20
5.269091678333241775e-20
4.883874079065413089e-20
4.527183924369437523e-20
4.190690139558008926e-20
3.879812757255413495e-20
3.590010206079546801e-20
3.320167119334753499e-20
3.069174349521733882e-20
2.835942790909059276e-20
2.617692611012748283e-20
2.416988770830054591e-20
2.228137842573868481e-20
2.054802897531733215e-20
1.893343403824312856e-20
1.743199022051518722e-20
1.603794985881359096e-20
1.474554043946187219e-20
1.355657436511792215e-20
1.244949628641014498e-20
1.142716520141385275e-20
1.048421730699923862e-20
9.610512697028750164e-21
8.802616506558815428e-21
8.061007146745206445e-21
7.377351896244526054e-21
6.748277715867394672e-21
6.170468468361071763e-21
5.640676391379276936e-21
5.153481423533361280e-21
4.708622950713744264e-21
4.301319650567335464e-21
3.929337761192702251e-21
3.590472671459224728e-21
3.282561380751497013e-21
3.003505294934287793e-21
2.750303459167679627e-21
2.521368788485514192e-21
2.315874063316721063e-21
2.130685825035263703e-21
1.966016510812636349e-21
1.812281706624518785e-21
1.669169424830162732e-21
1.540437407968691802e-21
1.416758739906866073e-21
1.305698395935430629e-21
1.202645056636994999e-21
1.107176821668873923e-21
1.018863998051211091e-21
9.394877263123305804e-22
8.639735069471975578e-22
7.943679626991444776e-22
7.318657702157379443e-22
6.727144979089981758e-22
6.183247244635260892e-22
5.683423375993984034e-22
5.224328888751728089e-22
4.802817146251655712e-22
4.415940710117995441e-22
4.053483598621232588e-22
3.728570384052167662e-22
3.424511726660329828e-22
3.140975352267889031e-22
2.882215307263090393e-22
2.646004522261305368e-22
2.430313255460354959e-22
2.229844070876430040e-22
2.043995432054016186e-22
1.874851479127337323e-22
1.718348750667444877e-22
1.576033652911994121e-22
1.444550978873449120e-22
1.323283491424968565e-22
1.211607760787755339e-22
1.110311609855597078e-22
1.015821595630168683e-22
9.302444289142900957e-23
8.516476228964435576e-23
7.795256989178558862e-23
7.125953173779908517e-23
6.520845593284143554e-23
5.960275961656665494e-23
5.447940361242523436e-23
4.975034517852078046e-23
4.548657293668361120e-23
4.151571698634847093e-23
3.793959417757215322e-23
3.461795600137587145e-23
3.160024188156954274e-23
2.883273332986394855e-23
2.632053398570207683e-23
2.399912629147384766e-23
2.189546712922100155e-23
1.995635367198874276e-23
1.818717932651994966e-23
1.657411854572332947e-23
1.510421358221579355e-23
1.375545359679993144e-23
1.252874554784326034e-23
1.140548385455690561e-23
1.037837017707203410e-23
9.446518005931721488e-24
8.590074049296602117e-24
7.814394828859666015e-24
7.103055306259899346e-24
6.459605978906009179e-24
5.867133375948205038e-24
5.332107496296896312e-24
4.843339649655517927e-24
4.397417737910004174e-24
3.991054717362780418e-24
3.621123369595170142e-24
3.284657231297976124e-24
2.978870779921058475e-24
2.699858902819644908e-24
2.446781981102862194e-24
2.216318328825980300e-24
2.006690323150900353e-24
1.816206884996483250e-24
1.643276138485273942e-24
1.485783352586809552e-24
1.343098927630776163e-24
1.213418412719992553e-24
1.095692464827917655e-24
9.889272375995708203e-25
8.932097438413629578e-25
8.055975551264160656e-25
7.256238946835669494e-25
6.528017424283505302e-25
5.886444519334990728e-25
5.284117868370972380e-25
4.754550176710591332e-25
4.273847820027922136e-25
3.838267322808796172e-25
3.444197281970131894e-25
3.088199549349578721e-25
2.775158569977733064e-25
2.484732281849970486e-25
2.223324861853947676e-25
1.988269211606958180e-25
1.777096232233849638e-25
1.587534306305171575e-25
1.413802677208167468e-25
1.261839670086959351e-25
1.122869087827976063e-25
9.988484605350999810e-26
8.882114058878096399e-26
7.876702430006944498e-26
6.983147716286827530e-26
6.189150746081485227e-26
5.471337007271164803e-26
4.824776238588926945e-26
4.253714185293398303e-26
3.749315379575204888e-26
3.296768459898127534e-26
2.892012117128112601e-26
2.536318763794087172e-26
2.219167786417067363e-26
1.937181040845315223e-26
1.687133682906119711e-26
1.465988085279064601e-26
1.273369099293897743e-26
1.101326432103336510e-26
9.502925041319925136e-27
8.195653134830181686e-27
7.037608392898900747e-27
6.028182097164150697e-27
5.140917285603112173e-27
4.373741272614925990e-27
3.712080862436622688e-27
3.137034938203890628e-27
2.644305750777581086e-27
2.219106060703297354e-27
1.857158777723751139e-27
1.544306161281642541e-27
1.280305613868959834e-27
1.056222399642818248e-27
8.669225255476764919e-28
7.077879535468538172e-28
5.736599035134840511e-28
4.630789281486830970e-28
3.708818687100742371e-28
2.946037055140778824e-28
2.324140340855166492e-28
1.820178657651284379e-28
1.409236317902978158e-28
1.081880197326478567e-28
8.214900655147968325e-29
6.164210400967353015e-29
4.566648119472490860e-29
3.329548302967821283e-29
2.390670544912455536e-29
1.687667141860824467e-29
1.166767910757855522e-29
7.879621494377885003e-30
5.183616536596518585e-30
3.309202835398335722e-30
2.041319566522134745e-30
1.209643785523273431e-30
6.817332141612890947e-31
3.628440775210311310e-31
1.793503338066728003e-31
8.087807100819896946e-32
3.225218633005601035e-32
1.099688213590193851e-32
2.906869085334886311e-33
5.610845175922935834e-34
5.187137638431211534e-35
2.251250291986464816e-36
0.000000000000000000e+00
