2.447746472582965991e-08
2.274283829064444530e-08
2.107897645570298974e-08
1.961335256096689362e-08
1.816073513364801613e-08
1.688263579990715335e-08
1.565734559123655097e-08
1.454561412235839195e-08
1.348148427871314116e-08
1.254562658511074441e-08
1.162241960672949763e-08
1.079011239167425717e-08
9.993924282546130786e-09
9.278363926540881362e-09
8.609367718816133105e-09
7.994070429813036435e-09
7.404382694878553483e-09
6.865754836805143766e-09
6.361268855804710523e-09
5.902175007545639197e-09
5.462189930866671076e-09
5.071905020236217821e-09
4.697012943509977109e-09
4.358726312990550534e-09
4.028200269391177254e-09
3.742274610572950171e-09
3.457551094668557347e-09
3.211700417694714834e-09
2.967274954770438023e-09
2.756546781145435133e-09
2.547264849570398833e-09
2.364230911761689082e-09
2.185665105443771617e-09
2.027450090735354726e-09
1.873428700231329549e-09
1.739242820567254235e-09
1.606824383047995028e-09
1.491651880286011979e-09
1.379601001172784304e-09
1.279702750584494593e-09
1.182844958780427850e-09
1.097740697352546816e-09
1.015296843846799494e-09
9.420819911661088638e-10
8.713508462321813052e-10
8.092732203529477423e-10
7.487514504534967782e-10
6.950963151589866288e-10
6.435125816664919314e-10
5.977628446976036220e-10
5.534915407007083709e-10
5.142120783635530119e-10
4.763609189453458157e-10
4.427348061427020209e-10
4.104590600740783121e-10
3.817255188155927369e-10
3.540429949115995212e-10
3.293458071604708368e-10
3.058426581748906646e-10
2.844957359682890689e-10
2.642932483421033804e-10
2.461527694092802430e-10
2.288136326921425365e-10
2.130915743050736207e-10
1.982469481177639812e-10
1.847396988837073634e-10
1.720387278160881753e-10
1.603057876423912469e-10
1.493884959713094714e-10
1.392768840712164449e-10
1.298475652410033683e-10
1.211414787838035146e-10
1.129620805191188831e-10
1.054351079605250476e-10
9.834930087180912442e-11
9.181847112208214106e-11
8.568626540999080330e-11
8.000264062615985913e-11
7.467794742879137043e-11
6.972145083036765175e-11
6.510556216104267452e-11
6.079289765425744837e-11
5.678115381988046896e-11
5.302250771571438782e-11
4.953018154608919889e-11
4.623986265108988472e-11
4.320825155219222156e-11
4.035570052677460826e-11
3.767652440534484329e-11
3.524155635566223976e-11
3.288197981429721538e-11
3.073928906636865409e-11
2.873031062074458685e-11
2.684889355028199017e-11
2.508873883711808502e-11
2.344348946086323534e-11
2.190682287573114102e-11
2.047250535333397904e-11
1.913445678353909633e-11
1.788677779646541543e-11
1.672379337371583572e-11
1.564006042003509934e-11
1.460802229089120736e-11
1.366949774966823330e-11
1.277674622358841941e-11
1.194721821450743591e-11
1.116101930620833667e-11
1.043192754131643177e-11
9.755565486148785951e-12
9.127884658781045991e-12
8.534670210954134483e-12
7.975294553970934490e-12
7.457552780606253206e-12
6.978035258725987761e-12
6.519276804449809861e-12
6.101875296285238861e-12
5.703287389101815195e-12
5.334986291199503036e-12
4.989445576976271990e-12
4.665619067338055739e-12
4.362440939427652203e-12
4.078835814867209989e-12
3.813737205025235175e-12
3.566093152700410683e-12
3.334879085946310756e-12
3.119100153361367562e-12
2.917799771225153013e-12
2.727953164877675449e-12
2.551168386997801809e-12
2.386560289128533687e-12
2.231706394311683634e-12
2.086247837195828447e-12
1.951113032446709906e-12
1.824343175864683332e-12
1.706642944714385934e-12
1.595340493164715825e-12
1.492140528860287373e-12
1.395583968102172244e-12
1.304557210901522997e-12
1.219584701274515310e-12
1.140919721124976891e-12
1.066348080806953600e-12
9.973918067307679205e-13
9.321715752802978607e-13
8.714836021722070822e-13
8.150137042975864722e-13
7.617612871798393132e-13
7.122813997210532007e-13
6.657132174559504889e-13
6.224886245398454636e-13
5.818698881457070203e-13
5.437525015645201509e-13
5.082268479345031972e-13
4.751249429317512875e-13
4.441210700922609321e-13
4.149572669701574545e-13
3.878431515454409580e-13
3.625075395169011281e-13
3.387337936446834901e-13
3.165563832600772091e-13
2.957817802372298718e-13
2.763402367699919025e-13
2.582400163365605409e-13
2.412484102145395993e-13
2.253831113349670733e-13
2.105775383873426183e-13
1.967138101309187601e-13
1.837443341851890455e-13
1.716215991102009916e-13
1.604597794631683341e-13
1.496923059776242875e-13
1.399013682461934373e-13
1.306723134730739717e-13
1.219896821464097440e-13
1.138352952543564407e-13
1.064168996840483763e-13
9.923571716736284562e-14
9.270837236136127073e-14
8.658865277651098150e-14
8.085766455532856736e-14
7.549614574461762243e-14
7.035576841729417324e-14
6.568694882660501165e-14
6.132906675781349198e-14
5.726377236558674725e-14
5.338523001481999607e-14
4.986037001705370044e-14
4.650328206838352442e-14
4.338431454071722276e-14
4.048679794461355387e-14
3.779506112490632341e-14
3.524479715281584771e-14
3.288089164954086069e-14
3.068924689682662048e-14
2.861954652855924971e-14
2.670368060120318561e-14
2.489875072605041565e-14
2.322988643223555207e-14
2.166063442482602254e-14
2.018779709415326522e-14
1.882862032114083112e-14
1.755444276666798882e-14
1.637887975152483348e-14
1.526211092471528792e-14
1.423342262416872478e-14
1.327207755733565833e-14
1.237452671036431740e-14
1.152661859301908644e-14
1.074710961970701201e-14
1.002091275159340048e-14
9.336792129837653625e-15
8.708215733982789213e-15
8.110302805624728490e-15
7.561620611870209231e-15
7.046654351427415642e-15
6.569049662134785190e-15
6.121644900398829652e-15
5.703132069558063224e-15
5.315791234637574540e-15
4.953893455369141041e-15
4.616120717828636322e-15
4.301156894416862609e-15
4.007695453102011757e-15
3.734458660065131303e-15
3.480200954591167960e-15
3.241876687654248279e-15
3.020518864680939123e-15
2.814977259745252300e-15
2.622783570445254138e-15
2.443291463006514217e-15
2.276972217207932922e-15
2.121823512379465201e-15
1.977219606310461142e-15
1.841701422148567663e-15
1.716431915864757624e-15
1.599205523003899719e-15
1.490283205945359515e-15
1.388539507819404226e-15
1.294121761185111745e-15
1.206046084909226623e-15
1.123957634773145551e-15
1.047121745602448167e-15
9.760024151112406707e-16
9.095276081135640281e-16
8.477537237667316806e-16
7.901068426431806313e-16
7.363610137086933825e-16
6.865062491886599822e-16
6.398752570755133773e-16
5.964900549912179521e-16
5.559845491770456931e-16
5.183494796905498120e-16
4.832599944278583039e-16
4.505688585134359492e-16
4.204551184060477449e-16
3.917109660787020912e-16
3.656417915618467090e-16
3.403268323532386690e-16
3.173985306279456152e-16
2.965760127359119671e-16
2.764146319474880274e-16
2.575784529119284911e-16
2.404931947868828718e-16
2.240594872290931644e-16
2.091584394967485674e-16
1.952425814735820610e-16
1.822572144334273883e-16
1.698452886712732832e-16
1.585884327975858110e-16
1.478524788974523508e-16
1.381103811344963868e-16
1.288352466174632742e-16
1.202259430381953227e-16
1.122348536075861669e-16
1.048173165773224230e-16
9.779206013977628557e-17
9.128512191354101093e-17
8.525643886703740485e-17
7.956464453661825470e-17
7.429891436784826601e-17
6.942490651621475104e-17
6.483294037679572447e-17
6.051551206462288605e-17
5.652793380321936039e-17
5.278371569614575733e-17
4.932654802911904528e-17
4.608341736231827198e-17
4.304505983299627911e-17
4.020183164400545561e-17
3.754387842207447850e-17
3.509417420072305620e-17
3.277411401257092807e-17
3.063736219424459191e-17
2.861769365833726504e-17
2.673585124633984479e-17
2.498303226609363022e-17
2.335082940679174613e-17
2.183123091981169127e-17
2.040132653241749894e-17
1.905810189475607378e-17
1.781085129496349776e-17
1.665251599587744187e-17
1.556606612454510431e-17
1.454822320356032469e-17
1.359563096361780803e-17
1.271276169014942246e-17
1.187979359667876643e-17
1.110854821117801225e-17
1.038216523884349510e-17
9.704634150940009588e-18
9.072906549116598084e-18
8.484057589416461596e-18
7.931243126355458478e-18
7.412905815077542541e-18
6.930787606766779994e-18
6.479281443481259690e-18
6.056820200338655833e-18
5.661839854291099089e-18
5.292798370661234100e-18
4.948186606120359286e-18
4.624634897625121396e-18
4.322976955882942794e-18
4.041809258770316776e-18
3.778358102904362425e-18
3.531740168638657559e-18
3.299881102358965396e-18
3.084388674785315543e-18
2.883096230002532432e-18
2.694269883481145528e-18
2.518155939789409982e-18
2.353210183040561464e-18
2.198866195485670285e-18
2.055173030013619973e-18
1.920287368838576768e-18
1.793828053425680538e-18
1.676326192786070753e-18
1.565865834374389441e-18
1.462947474116585125e-18
1.366729305157258866e-18
1.277471993064701557e-18
1.192609468005996183e-18
1.112718553583359539e-18
1.040038202563023186e-18
9.715737153357922537e-19
9.071934118499102385e-19
8.467483622655883366e-19
7.900776764489511455e-19
7.385014500274964866e-19
6.887298951568332543e-19
6.434572811441586817e-19
5.999281824077804553e-19
5.603429185325618040e-19
5.223969560842522950e-19
4.878877480030980256e-19
4.548896569864022100e-19
4.241745313117701930e-19
3.955932235176823579e-19
3.690037660537497895e-19
3.442718217696896209e-19
3.207939448852704225e-19
2.990133273135809430e-19
2.788053005150773628e-19
2.600539173365241803e-19
2.423261094120603248e-19
2.256104908117980292e-19
2.104225280010351526e-19
1.958570220477611853e-19
1.824039186409167593e-19
1.699713364086168710e-19
1.582928376587637060e-19
1.473417116984387436e-19
1.372389990724563300e-19
1.276389927355165226e-19
1.187988808803738329e-19
1.105390675192179136e-19
1.028298344477046488e-19
9.573399405611475441e-20
8.902836016519932156e-20
8.278600924883594502e-20
7.690968479596372601e-20
7.151672871574596084e-20
6.644809105746034081e-20
6.179212178361246657e-20
5.736371900905233223e-20
5.325297999887251150e-20
4.943778248749451279e-20
4.586222028141566439e-20
4.254839920180701137e-20
3.941930948009074868e-20
3.652572699811572740e-20
3.382578139109914193e-20
3.130942759686150404e-20
2.896665356074298889e-20
2.678761096064221169e-20
2.474660644152335040e-20
2.286791512164945822e-20
2.109850029158826754e-20
1.947292353250764721e-20
1.795729256027513928e-20
1.654655002512405725e-20
1.523549033824239144e-20
1.401887135137506140e-20
1.289858688030680577e-20
1.185449403167866734e-20
1.088943715085559264e-20
9.998502212283870013e-21
9.172241938650139333e-21
8.407527488804881981e-21
7.704930847696945683e-21
7.056669532755937836e-21
6.459645000151984541e-21
5.910803721684977254e-21
5.407148396573266873e-21
4.943605046143502966e-21
4.519999167664763868e-21
4.131846441503534647e-21
3.777079722012442397e-21
3.453653678080110259e-21
3.159556918889180199e-21
2.892833749824904096e-21
2.650659561189774849e-21
2.431555538056808277e-21
2.234766668611404148e-21
2.057324973166281735e-21
1.899457596013478548e-21
1.751968704110059731e-21
1.614570526976546800e-21
1.490890260116228082e-21
1.371981029306802301e-21
1.265128612790004826e-21
1.165912145540472950e-21
1.073936326920426153e-21
9.887974690982850699e-22
9.122243834777685011e-22
8.393304879975607024e-22
7.720974285138744937e-22
7.116882949402199325e-22
6.544831914137284661e-22
6.018512100779493680e-22
5.534556005588581620e-22
5.089779224330079278e-22
4.681182091465846213e-22
4.305951718222310235e-22
3.954213678462147435e-22
3.638741151696259555e-22
3.343363899895098023e-22
3.067780692468541855e-22
2.816151122751718119e-22
2.586336035111015732e-22
2.376384183989928179e-22
2.181157580120924661e-22
2.000085044884965541e-22
1.835212941858744138e-22
1.682595015278841020e-22
1.543752290427478507e-22
1.415423357512638278e-22
1.297015310433660476e-22
1.187928288541173324e-22
1.088940861932970091e-22
9.965684636830301407e-23
9.128772256270019308e-23
8.359840150762431388e-23
7.653997578006324404e-23
6.998730116860398931e-23
6.406106395965892099e-23
5.856915500453111456e-23
5.354812513117126945e-23
4.891201544917596949e-23
4.473073272888788404e-23
4.083550434972835286e-23
3.732643943742998489e-23
3.406613485751303994e-23
3.110329424042699290e-23
2.838535214474396070e-23
2.591747718645601924e-23
2.363642332389077612e-23
2.156879773244688077e-23
1.966241837453409394e-23
1.792267957329964613e-23
1.633607525708643084e-23
1.488994015745361131e-23
1.356268759593523082e-23
1.235527129250368337e-23
1.124943400407233866e-23
1.023803811508860970e-23
9.320255918061116443e-24
8.476572817222428606e-24
7.712300357050666150e-24
7.011286708271876457e-24
6.377058987594749017e-24
5.792970638092501895e-24
5.265421935279532421e-24
4.783401190705275504e-24
4.343560375846350591e-24
3.942672634173425320e-24
3.577666757902749575e-24
3.245628249596011557e-24
2.943819424251678201e-24
2.668395670138632872e-24
2.418536868262732714e-24
2.190971408822281309e-24
1.983950824869902679e-24
1.795811191440547718e-24
1.624985713248965138e-24
1.469390195184377741e-24
1.328406918851113521e-24
1.200256807422507687e-24
1.083906267125781366e-24
9.783760812370079517e-25
8.837551475533792936e-25
7.971371807338924914e-25
7.180625496106353044e-25
6.460514229607181444e-25
5.826021837437262216e-25
5.230283096118793030e-25
4.706456234145649359e-25
4.230920172784627751e-25
3.799981319508790620e-25
3.410075487449738033e-25
3.057808706247138916e-25
2.748022290389940212e-25
2.460591783660467554e-25
2.201859774150911479e-25
1.969191428069250959e-25
1.760147118168440502e-25
1.572481993718538891e-25
1.400476148850680454e-25
1.250011964987328747e-25
1.112402569790540877e-25
9.895883928174693733e-26
8.800204244154277699e-26
7.804444195806088099e-26
6.919411968631971914e-26
6.132940408319117476e-26
5.421888166861533300e-26
4.781380634272415778e-26
4.215633117704116549e-26
3.715901304443079803e-26
3.267517963345609710e-26
2.866464780123005262e-26
2.514008033360798420e-26
2.199727663915321580e-26
1.920279985973047276e-26
1.672472627656700395e-26
1.453298236026753025e-26
1.262387848195991526e-26
1.091864030539792856e-26
9.421572626827066245e-27
8.125736030086753176e-27
6.977776612609374124e-27
5.977103377023171108e-27
5.097499818542879736e-27
4.336920917512359866e-27
3.680927605373051562e-27
3.110787788829823659e-27
2.622246477896939349e-27
2.200647364263135221e-27
1.841754025614938408e-27
1.531531843076765231e-27
1.269743377555410997e-27
1.047531519289195528e-27
8.598073956639862012e-28
7.019932849643327026e-28
5.689747683194553677e-28
4.593057902050469282e-28
3.678668989193437853e-28
2.922142056749209794e-28
2.305330691315625164e-28
1.805478872651770124e-28
1.397879057663195315e-28
1.073178760522099460e-28
8.148959426758568247e-29
6.114825056469690638e-29
4.530130285933601609e-29
3.302971815543291143e-29
2.371622163178205721e-29
1.674243396377171042e-29
1.157503088077686979e-29
7.817155910755254907e-30
5.142589482991960684e-30
3.283052496491196043e-30
2.025212942686269842e-30
1.200113667656415729e-30
6.763699237392935431e-31
3.599936858812223957e-31
1.779432987702979379e-31
8.024449489295738536e-32
3.199983910666487188e-32
1.091097923241764329e-32
2.884185358565763377e-33
5.567158404453403488e-34
5.146801226276408726e-35
2.233761522704778858e-36
0.000000000000000000e+00
