4.847469368720188035e-08
4.521516384570362887e-08
4.233075810193602713e-08
3.953864667701061170e-08
3.699284325085897043e-08
3.452664072067638363e-08
3.235794571760787130e-08
3.018421020398166862e-08
2.827850692768667605e-08
2.642078898290089069e-08
2.474740521184613624e-08
2.307374620715961598e-08
2.161223917194597965e-08
2.015166885714938677e-08
1.890916470627683377e-08
1.763399700483109541e-08
1.652244954850261865e-08
1.538950742570315785e-08
1.442498153652166602e-08
1.344326492986920083e-08
1.258859708502426563e-08
1.173970081615201683e-08
1.100031092964093603e-08
1.025243723840404385e-08
9.588747829248631371e-09
8.945197469787135601e-09
8.363490688094354134e-09
7.800526117747127932e-09
7.292190338481064462e-09
6.801120122978975066e-09
6.357885168222503887e-09
5.924065075655507835e-09
5.538766526018603050e-09
5.157253833616151209e-09
4.818266645247099109e-09
4.488777152379259098e-09
4.191455112356575787e-09
3.903694512082321127e-09
3.647153052183465137e-09
3.393372682447214860e-09
3.166930119467129897e-09
2.946988593978127150e-09
2.750296499332847016e-09
2.557983979660507952e-09
2.385710651693813011e-09
2.219980532326412492e-09
2.069551574644434179e-09
1.924177650463035796e-09
1.793385304599843955e-09
1.667630941053518951e-09
1.553157669401335479e-09
1.443757465278376018e-09
1.344029885555609530e-09
1.249234715103765311e-09
1.162677733190038556e-09
1.080794430990527725e-09
1.005312045346059722e-09
9.342805898533186941e-10
8.692325431724944360e-10
8.073746567774467649e-10
7.507039562470907257e-10
6.978157661072850919e-10
6.486217245104321325e-10
6.026024815779782838e-10
5.600990894198654996e-10
5.204745838883501305e-10
4.838640153073495237e-10
4.494359179737495106e-10
4.178326639697693205e-10
3.882066885523406490e-10
3.608639615489893170e-10
3.354383667170701365e-10
3.117382370622017956e-10
2.898616185268867644e-10
2.693931054888462829e-10
2.505277623182722167e-10
2.329030491967934933e-10
2.166021648060555206e-10
2.013990650273039593e-10
1.872953095748029110e-10
1.742167830537666409e-10
1.620463311834775589e-10
1.507728041400553034e-10
1.402547053460747154e-10
1.305228030852379390e-10
1.213920979229740171e-10
1.130141405443019082e-10
1.051633491157039202e-10
9.781995570218952273e-11
9.117283042546881270e-11
8.475740474439679104e-11
7.895505122908264039e-11
7.353618587060339444e-11
6.848127581921576630e-11
6.377058439320194982e-11
5.938445488262384568e-11
5.530352967154604448e-11
5.150892138107072394e-11
4.798235480991042604e-11
4.470625299628825498e-11
4.166382268291772638e-11
3.883908044591299995e-11
3.615889986689076725e-11
3.373036377146740587e-11
3.142848085795025448e-11
2.929719576612817046e-11
2.728435630675137966e-11
2.542426910652338558e-11
2.370465730030301280e-11
2.211422482735988834e-11
2.061617770778251849e-11
1.920833409361535994e-11
1.790961412819980483e-11
1.671070496448036319e-11
1.556743114726781546e-11
1.453056992924236935e-11
1.354358554240466233e-11
1.263447663888119672e-11
1.178420310876692540e-11
1.098982259091979124e-11
1.024837245613844844e-11
9.556894002194994004e-12
8.912478921644837691e-12
8.312281359071649560e-12
7.753549602881736894e-12
7.233629443485336563e-12
6.749984639811440438e-12
6.295154954460096390e-12
5.872812500506985504e-12
5.480652625460526725e-12
5.112745711016039949e-12
4.768105971763919664e-12
4.448792873459240514e-12
4.150045992455693352e-12
3.873404870875678699e-12
3.612485548390827499e-12
3.371187923094117213e-12
3.146000764501065982e-12
2.934249494683749439e-12
2.737080730379743900e-12
2.555001184946242424e-12
2.382821100907999114e-12
2.223995081783604199e-12
2.074137170042641431e-12
1.935027842054048566e-12
1.805893358394209275e-12
1.684402166710634477e-12
1.571780222415887889e-12
1.466029702490074554e-12
1.368095863737773229e-12
1.276273591296666544e-12
1.190299142695348352e-12
1.110348470525918136e-12
1.036015965327607421e-12
9.665459138093732110e-13
9.013400481150812663e-13
8.408467500821494136e-13
7.844409468285160029e-13
7.316234531932759651e-13
6.824550358669347024e-13
6.364916894807225608e-13
5.935657477546886411e-13
5.536823514940146696e-13
5.163169242924724032e-13
4.814978759585170456e-13
4.490686829473739304e-13
4.187618829924235480e-13
3.904650142859529680e-13
3.640665606798411824e-13
3.398066772030095086e-13
3.164482765775900325e-13
2.952483524491942853e-13
2.753020726226668995e-13
2.565714617164508650e-13
2.390129173360832527e-13
2.230681223086120544e-13
2.076610775325379064e-13
1.936820421269955865e-13
1.805991291505173688e-13
1.683687768395024298e-13
1.569468983095571156e-13
1.460153802161447746e-13
1.361040280805219002e-13
1.268685738039438922e-13
1.182678098332689217e-13
1.100761115676681279e-13
1.026439823940383268e-13
9.557741768307960503e-14
8.902308028944197373e-14
8.294418784602672191e-14
7.730627052356552203e-14
7.197341316279479455e-14
6.703833883605936845e-14
6.247028429664823762e-14
5.816335865542899870e-14
5.418296711491548053e-14
5.043906974852896003e-14
4.698293942757280267e-14
4.373827310343566288e-14
4.069782313541061881e-14
3.789647018115608141e-14
3.527445862556706037e-14
3.285918358052147824e-14
3.056832036656161448e-14
2.846147177415235975e-14
2.649563671818017417e-14
2.466313522017050077e-14
2.293472367757352203e-14
2.134825216755480507e-14
1.987260193806344741e-14
1.848464550584874130e-14
1.721138921138445794e-14
1.600216289387041503e-14
1.489426648545885631e-14
1.385609894253544378e-14
1.289478539072788420e-14
1.199569541110335105e-14
1.115601913067325052e-14
1.038013718126492703e-14
9.656391116293718186e-15
8.981989212559446568e-15
8.354155693280473378e-15
7.770144368134252925e-15
7.227278962276450978e-15
6.722957627310356974e-15
6.251029587349500926e-15
5.813435065555537302e-15
5.407792139663194919e-15
5.029134594476586546e-15
4.676106744488489933e-15
4.349549673499410548e-15
4.045451223058100622e-15
3.762513666957317543e-15
3.497819139433841100e-15
3.253574293776770339e-15
3.025417152885204215e-15
2.813801166576439789e-15
2.616487751465319045e-15
2.433713314460012930e-15
2.263526392773162594e-15
2.105199544634525529e-15
1.957278012130679866e-15
1.820617032591438969e-15
1.693120193006621613e-15
1.574863295062405716e-15
1.464716589889463910e-15
1.362220434695156335e-15
1.267327803903049298e-15
1.178743291713632782e-15
1.096485815050155341e-15
1.019839339564818119e-15
9.487654955797692351e-16
8.826309857340941647e-16
8.211402911976026894e-16
7.646112299285928919e-16
7.107627077083277542e-16
6.620251144581648952e-16
6.147954025086321012e-16
5.721080810794197668e-16
5.334207835164653761e-16
4.960394673867733816e-16
4.611895183209703977e-16
4.296458667561824062e-16
3.993697306520594262e-16
3.719761162155465896e-16
3.464480644286321804e-16
3.226778875172654388e-16
3.000068604993891762e-16
2.794905387696627853e-16
2.599664136180801386e-16
2.422885471985200456e-16
2.254949594366769285e-16
2.099415471315733690e-16
1.955370408557422916e-16
1.821960460144132277e-16
1.695888572624735813e-16
1.579381394676861751e-16
1.471679961781655362e-16
1.370226702211451921e-16
1.276581026070751319e-16
1.190097556819350051e-16
1.108803293505220199e-16
1.032544529588039563e-16
9.622736774070568850e-17
8.964429578845340084e-17
8.357988313681361423e-17
7.790397816534771327e-17
7.259873595407881631e-17
6.764572667610111525e-17
6.302626418601927875e-17
5.877861350282598452e-17
5.476511317378761328e-17
5.107732825677068745e-17
4.759973452685706570e-17
4.436704986076991593e-17
4.136305024009851363e-17
3.857229234120562534e-17
3.598011322954008062e-17
3.354662331235793664e-17
3.126601338416045861e-17
2.915332244479494930e-17
2.719581689139963071e-17
2.536406457415895721e-17
2.365198494729057592e-17
2.205340263443615900e-17
2.057526873269101861e-17
1.918392020498205603e-17
1.789865763340464371e-17
1.669095718953855526e-17
1.556708654563116815e-17
1.452160949245398057e-17
1.354932939524727850e-17
1.263863786097090277e-17
1.178669981106394501e-17
1.099610142923970645e-17
1.025738503596441694e-17
9.567758586075203631e-18
8.924451564686022953e-18
8.324747767864224625e-18
7.766001341362292333e-18
7.242578154345233914e-18
6.755665409225607780e-18
6.302835760244901101e-18
5.879479005140003917e-18
5.484049030093814228e-18
5.113105784085340091e-18
4.769106979473688217e-18
4.448479907705215040e-18
4.148366667691610419e-18
3.869068319544660242e-18
3.608049853483184503e-18
3.364338135364163921e-18
3.137934274253953693e-18
2.925865442744174147e-18
2.727473203732787417e-18
2.543529662390651021e-18
2.370979624426762810e-18
2.210555150050620629e-18
2.060894452315941661e-18
1.922354433393454049e-18
1.790904872995117298e-18
1.667409341839486061e-18
1.555287399507455960e-18
1.449880670939829719e-18
1.350961586537911970e-18
1.258277009982798963e-18
1.171556648455624595e-18
1.092790842905401012e-18
1.016934367547020826e-18
9.480743781893742464e-19
8.820005001284433041e-19
8.220352003445314881e-19
7.646700681044728358e-19
7.126067650315749173e-19
6.629246603318213198e-19
6.167752121772595453e-19
5.739204108359013066e-19
5.341343843163182397e-19
4.972040569651237443e-19
4.622193039373046274e-19
4.298319317890788164e-19
3.998460794633685830e-19
3.720800965933300330e-19
3.458853318312747399e-19
3.212394592058323549e-19
2.988942480359623244e-19
2.775113672475669540e-19
2.578051783441875037e-19
2.396340866085659426e-19
2.226031310610489550e-19
2.066690700554915521e-19
1.920030133217383848e-19
1.780990566941659211e-19
1.653258571103384010e-19
1.534195245974964919e-19
1.423336962402769907e-19
1.321548339511025640e-19
1.225595779800941567e-19
1.136499450559877338e-19
1.052845422680305402e-19
9.762757720682029799e-20
9.045045732177338346e-20
8.387296976899817907e-20
7.762872661979394760e-20
7.184364772890594178e-20
6.648510243543742079e-20
6.147332987198618821e-20
5.683811484961274643e-20
5.247072266097453727e-20
4.844102526402504062e-20
4.468961233785702047e-20
4.120157769288407116e-20
3.796212914886981617e-20
3.495674604371131618e-20
3.214921346689797641e-20
2.957206445956179941e-20
2.715178643243837778e-20
2.493491777980689855e-20
2.287443219891276446e-20
2.096281491793030874e-20
1.919237661348918472e-20
1.755540127079152504e-20
1.605375199558950851e-20
1.465980806627052416e-20
1.337681316786185730e-20
1.219762610709579710e-20
1.110919052775126664e-20
1.010687925427148263e-20
9.190890112831918248e-21
8.350526989420293408e-21
7.581268295607645683e-21
6.878674472409082252e-21
6.238403256250082412e-21
5.653533263804905044e-21
5.123370995402001583e-21
4.641826842845649239e-21
4.205886864445815137e-21
3.812583145774870602e-21
3.459009563373520048e-21
3.142351841973887001e-21
2.858813473898246423e-21
2.606238073771042843e-21
2.383296689347048095e-21
2.186182497545055584e-21
2.014118918503813254e-21
1.854047793352243501e-21
1.705241205727240277e-21
1.571570129269523405e-21
1.443323876831072294e-21
1.328323450407571230e-21
1.221762757775531968e-21
1.123184399093259759e-21
1.032124061366333502e-21
9.503939728763545829e-22
8.727509306238463940e-22
8.012870578083419350e-22
7.372085316202758142e-22
6.766530947788631592e-22
6.210539500576863201e-22
5.700354279169054587e-22
5.232433045148651491e-22
4.803450508041497954e-22
4.410296962452292024e-22
4.042506487459986119e-22
3.713301412466895046e-22
3.405681300523188604e-22
3.119254267672886369e-22
2.858249893118933043e-22
2.620346647874427629e-22
2.403432033342860547e-22
2.202124798164090854e-22
2.015777943917131920e-22
1.846433257664899017e-22
1.689976957573215467e-22
1.547913836985510467e-22
1.416855839029334364e-22
1.296156702150685053e-22
1.185166208075281025e-22
1.084636564428635685e-22
9.909955107209249775e-23
9.063075246006703176e-23
8.286357181473882633e-23
7.574607786808992457e-23
6.914994556736523744e-23
6.319450821546799373e-23
5.768469769659406664e-23
5.265555445690031021e-23
4.802017246082837616e-23
4.384725321444665163e-23
3.996693942078673045e-23
3.647768275261443579e-23
3.324164169583592696e-23
3.030615099845808015e-23
2.761809957317636558e-23
2.518167107761712968e-23
2.293362156625639482e-23
2.089944630114409759e-23
1.902712298679704899e-23
1.732137071864314140e-23
1.576836928053336805e-23
1.435520057130583617e-23
1.306031659846351721e-23
1.188423874418023158e-23
1.080880259464346133e-23
9.826741779027914791e-24
8.936935798331294011e-24
8.120192426579823016e-24
7.381404871739947404e-24
6.704733981582601577e-24
6.093380250382419185e-24
5.531119968709218610e-24
5.023954215209218554e-24
4.561146120693245385e-24
4.139355997582380151e-24
3.755376579142753061e-24
3.406164154260569052e-24
3.088839153663090761e-24
2.800703876808218370e-24
2.538017623976449529e-24
2.299935966105970300e-24
2.083286137644232688e-24
1.886356188261642187e-24
1.707521488817063132e-24
1.545256231348819661e-24
1.397549523131798364e-24
1.263788010314724218e-24
1.142260609160877057e-24
1.031967656137933819e-24
9.319645853089578827e-25
8.423246343447807269e-25
7.602903414209497082e-25
6.854161571135474221e-25
6.172387920298357792e-25
5.571694052332836586e-25
5.007652967036007336e-25
4.511616395634725394e-25
4.061189282404052110e-25
3.652853757292045343e-25
3.283221225532693364e-25
2.949072488399366987e-25
2.655012995495781065e-25
2.381951191189170742e-25
2.135918920823032704e-25
1.914432248045999670e-25
1.715193763809846517e-25
1.536092127385130817e-25
1.371690493551111734e-25
1.227644111365516586e-25
1.095671393984047734e-25
9.776608873111070442e-26
8.721602361969841935e-26
7.760661581444225125e-26
6.904516873956133220e-26
6.141770050208902489e-26
5.450281292835097349e-26
4.825567378326349141e-26
4.272046905941327578e-26
3.781515177271047772e-26
3.339864255262541991e-26
2.943383620287404951e-26
2.593600245692348621e-26
2.280443521465044591e-26
2.000807755337751987e-26
1.751723111451893285e-26
1.530382676657732715e-26
1.336643519531394792e-26
1.162709071868393286e-26
1.009189894857611641e-26
8.755692366243121407e-27
7.565160211683353045e-27
6.521142032293726902e-27
5.597742306706944349e-27
4.794594253824134713e-27
4.097765473168009908e-27
3.488354641150410148e-27
2.962744471311234755e-27
2.506046991475353544e-27
2.114485151953879620e-27
1.773473923862707760e-27
1.483423228953061343e-27
1.235186038508925961e-27
1.023655599949625354e-27
8.442117791279800485e-28
6.915136828200321397e-28
5.643577200060772935e-28
4.572244540663513357e-28
3.676050192575787695e-28
2.936834867607342430e-28
2.330477490996396376e-28
1.829644438588634347e-28
1.425242580164758058e-28
1.098938680584286038e-28
8.380601131490322860e-29
6.315523663060844008e-29
4.689095442722226759e-29
3.432236464030314616e-29
2.472943387561986809e-29
1.747425546376754392e-29
1.208102628753931250e-29
8.150648989388219525e-30
5.347240729327994997e-30
3.397707899796334395e-30
2.079544724565278087e-30
1.214692967754328305e-30
6.725517604243914862e-31
3.476541471039845494e-31
1.648663150167835161e-31
6.978029276964575681e-32
2.545242500274338748e-32
7.348818072332815769e-33
1.559111457719025099e-33
1.671713024983126033e-34
9.177955221721268304e-36
0.000000000000000000e+00
