2.890851144363915804e-08
2.693830310808569884e-08
2.512625945439038381e-08
2.344658462158150089e-08
2.185357602667469426e-08
2.037638137846916274e-08
1.902405340766217332e-08
1.772793791093545017e-08
1.654475077879038787e-08
1.544297332982983139e-08
1.440863713074438627e-08
1.342032558426037914e-08
1.252112286697541413e-08
1.166307925290142821e-08
1.090177010400793007e-08
1.015653922483870673e-08
9.479148782929150599e-09
8.820302197563856430e-09
8.235432831505931064e-09
7.667690451172557632e-09
7.152330178345846219e-09
6.664167971482728288e-09
6.220617215955615366e-09
5.792801690338048838e-09
5.397120801875281229e-09
5.031111722125282820e-09
4.686303497543646347e-09
4.367852622704776849e-09
4.068286319455077778e-09
3.792006123369940539e-09
3.532333850695909871e-09
3.289501429708959629e-09
3.065109882340145920e-09
2.852644771534311816e-09
2.656471056759368779e-09
2.473961505169633640e-09
2.302986629229067883e-09
2.144386817903893489e-09
1.997758335276279630e-09
1.858534859754426134e-09
1.729967257706199591e-09
1.609883885383855092e-09
1.498918803580181476e-09
1.394378554674627650e-09
1.297825186925141084e-09
1.208123027887940112e-09
1.124353176431227320e-09
1.045957722065002583e-09
9.735787859492523373e-10
9.059972704760457642e-10
8.430352023322349478e-10
7.844104754240590314e-10
7.298693627087543168e-10
6.791874352840208984e-10
6.320882135147142291e-10
5.883794293917844697e-10
5.474826152999986817e-10
5.095944905604441672e-10
4.744639532569747044e-10
4.414635134261815448e-10
4.109223482179281248e-10
3.826798063205814669e-10
3.561920860869588762e-10
3.315710692516670536e-10
3.086800754300943547e-10
2.874246566690033882e-10
2.676810725350006180e-10
2.491518341959006926e-10
2.320693048425767882e-10
2.160628596018747898e-10
2.012367434523396160e-10
1.874404835383205626e-10
1.745403284534234805e-10
1.626148922746062318e-10
1.514255545919863261e-10
1.410922735046850070e-10
1.314129894045184372e-10
1.224411056358904727e-10
1.140521876773500266e-10
1.062524067262190321e-10
9.900190407611878316e-11
9.224001875749229409e-11
8.596178065923457817e-11
8.009185704482026194e-11
7.464856699835585125e-11
6.953111162468697262e-11
6.482556877195605543e-11
6.040748121752615548e-11
5.626656086437090625e-11
5.251124596254811514e-11
4.887990277439604481e-11
4.558964200384969973e-11
4.251131854038097901e-11
3.963485547088288502e-11
3.694969271595856230e-11
3.444548216926126163e-11
3.211176850261418411e-11
2.993846815386156819e-11
2.791562390998897773e-11
2.603375352292996823e-11
2.428363141012128019e-11
2.265656465986237589e-11
2.111070408865107679e-11
1.970823791619717831e-11
1.837726778142814578e-11
1.714351107181786217e-11
1.597696335358305493e-11
1.489777910934408650e-11
1.389902232203294395e-11
1.297438638961041638e-11
1.210260111558593862e-11
1.128255865416220075e-11
1.052538774060978244e-11
9.825822283116685053e-12
9.158167878195507281e-12
8.552184465914873964e-12
7.974923591151513045e-12
7.442823216318236448e-12
6.944831498541550992e-12
6.479258143808759650e-12
6.044455379015705027e-12
5.638694168381139103e-12
5.260362995205161275e-12
4.907772288205267101e-12
4.579406800312963808e-12
4.273666081708354857e-12
3.989165420676876480e-12
3.721455347496153689e-12
3.472806645941631091e-12
3.241789730431706843e-12
3.025025284168166365e-12
2.821846564285923910e-12
2.633583094620287043e-12
2.457336277833436081e-12
2.294129809642786426e-12
2.140100426280791821e-12
1.997663366044367258e-12
1.864648447194306407e-12
1.739586130721829882e-12
1.623056575071971372e-12
1.515465743119902207e-12
1.413651910918822482e-12
1.319757821391649527e-12
1.231099761190782651e-12
1.148824928024784386e-12
1.072390782595119959e-12
1.000505126878887808e-12
9.338142752368974596e-13
8.712160167588052370e-13
8.131971279694100395e-13
7.588211403592188962e-13
7.078651974233015420e-13
6.604998098433336218e-13
6.164247007012807342e-13
5.752513538512405167e-13
5.365712478949780336e-13
5.007031623645913668e-13
4.672286880495937320e-13
4.358984539131450044e-13
4.067063430811059315e-13
3.794300530759366485e-13
3.539329698709634548e-13
3.302543326629026984e-13
3.080501313114917304e-13
2.873688802904196759e-13
2.680891986732254855e-13
2.500798406489861068e-13
2.332490832829962999e-13
2.175548982463878231e-13
2.031183904755292123e-13
1.892249245951860337e-13
1.766031974584051267e-13
1.647336280598006033e-13
1.535765603805035122e-13
1.431226945305669757e-13
1.336200759122709949e-13
1.244425516531962158e-13
1.161070965368684043e-13
1.083100926541650171e-13
1.010134361724607364e-13
9.420280402560144445e-14
8.767745576605196633e-14
8.176430602044504485e-14
7.624813426597414615e-14
7.111404833303656647e-14
6.621841494515581091e-14
6.177936348404330724e-14
5.755351362596482345e-14
5.363635455278478699e-14
4.999876447552671368e-14
4.662718654251541010e-14
4.343388176044179931e-14
4.048063384852637562e-14
3.774332794678717846e-14
3.516415478922658499e-14
3.277720933348643319e-14
3.053351457670253479e-14
2.845930929047872724e-14
2.651324016954858308e-14
2.468697490401061499e-14
2.300534254757379710e-14
2.142898910176489219e-14
1.997777846975158894e-14
1.859919243863473535e-14
1.733202704863536833e-14
1.614780810334186046e-14
1.504446005320460692e-14
1.400211775747012075e-14
1.304578512072564812e-14
1.215480760973091602e-14
1.131708448974745768e-14
1.054732526979435837e-14
9.816484517999973821e-15
9.145774920467863356e-15
8.517403974946751091e-15
7.934578307487990730e-15
7.389532448220611762e-15
6.879651383186879951e-15
6.408503352032058452e-15
5.968278014826175668e-15
5.558015580329737098e-15
5.175444471447803839e-15
4.819488026700051364e-15
4.488061431544974953e-15
4.180051619559218700e-15
3.891352785606924245e-15
3.623520458497787241e-15
3.374843152849432302e-15
3.142560503684533654e-15
2.925656333438712691e-15
2.724859806946472377e-15
2.537583418962419814e-15
2.363179710107165499e-15
2.199774833260800102e-15
2.048835560813115606e-15
1.907632521864085949e-15
1.776511430579925856e-15
1.654080392064325905e-15
1.540521682777357506e-15
1.434641098320210609e-15
1.335997601431824800e-15
1.243717811766442605e-15
1.158330001703468240e-15
1.078570329527498973e-15
1.004467699401442865e-15
9.353668935745500564e-16
8.709519926529039413e-16
8.112503344970323027e-16
7.554140199404468671e-16
7.035124311070367331e-16
6.550576130673109712e-16
6.100826729453248566e-16
5.681496597374662373e-16
5.291265923287973670e-16
4.931788704039023699e-16
4.589079860638892373e-16
4.278250734158335326e-16
3.976813755351415289e-16
3.703789256917113651e-16
3.456194490422834021e-16
3.216450566974200274e-16
2.992808812317788838e-16
2.789953967168288901e-16
2.595156012091748485e-16
2.418531236087654053e-16
2.253873941291544827e-16
2.100234755885649793e-16
1.953655369654820474e-16
1.820733906266115928e-16
1.694215661449532001e-16
1.579430367126292817e-16
1.470377642824683683e-16
1.369179963485808955e-16
1.275458889999640846e-16
1.188492438440775415e-16
1.106319393021313463e-16
1.030241911949094849e-16
9.599308809930848302e-17
8.935834797064446246e-17
8.323625178238280629e-17
7.757306052125167609e-17
7.225210370552549535e-17
6.725305357499177580e-17
6.264908496294530209e-17
5.832988342575022446e-17
5.435364019470193002e-17
5.062728892883850577e-17
4.714698993488532454e-17
4.389399319419097661e-17
4.086273218965572362e-17
3.807261501341642158e-17
3.543892980880535186e-17
3.301688705904410687e-17
3.073542437647703653e-17
2.861314452630689780e-17
2.664340165006506504e-17
2.481248904727849583e-17
2.311412495971438145e-17
2.151913411361185554e-17
2.002650140927411392e-17
1.864350854948194500e-17
1.736409247568918942e-17
1.616684539534145804e-17
1.504967555233760514e-17
1.400674832138183344e-17
1.304410448229881631e-17
1.213830672685783063e-17
1.130313394402167359e-17
1.051879454962616124e-17
9.790330191991471247e-18
9.113185766335225294e-18
8.484739576276300582e-18
7.896655278213831776e-18
7.347685489115126167e-18
6.838823665610592898e-18
6.364404816727143390e-18
5.922104677700569716e-18
5.510452251472958808e-18
5.127288935317027711e-18
4.771128976360429892e-18
4.438059242658750791e-18
4.128964741658933011e-18
3.842052616532400912e-18
3.574467991445667023e-18
3.325054435179369519e-18
3.091667392622401726e-18
2.875721815921335082e-18
2.674953522467230041e-18
2.487483866935225009e-18
2.313460305334228159e-18
2.151243297431065265e-18
2.000171139061729127e-18
1.860206859245830504e-18
1.729443169849769597e-18
1.607459546152799383e-18
1.494654338866402227e-18
1.389148043651406968e-18
1.291312919847051275e-18
1.200320224114429203e-18
1.116309628530671689e-18
1.036855781998982517e-18
9.624177830220768513e-19
8.950607136495672608e-19
8.319107276433078623e-19
7.728484800215090630e-19
7.176623887301425605e-19
6.662068555641297402e-19
6.195999718121557403e-19
5.748714670258984943e-19
5.343810445942306624e-19
4.956665861542788383e-19
4.606288242880102057e-19
4.272302578533503225e-19
3.970021790811642122e-19
3.682603944858808026e-19
3.416363847916801202e-19
3.170030089956902619e-19
2.941959867289707183e-19
2.731028232199202900e-19
2.531749771612062126e-19
2.347943255600950768e-19
2.178220033051988347e-19
2.021633155860259268e-19
1.874292936736875244e-19
1.736173674618757728e-19
1.611269751443620352e-19
1.492179776031732290e-19
1.382706762296656560e-19
1.282126853304316963e-19
1.188086295270191363e-19
1.100419432887586121e-19
1.019918559162099361e-19
9.438731313717761092e-20
8.741712934846995877e-20
8.094284652149656460e-20
7.492771127320417450e-20
6.942375891682631441e-20
6.424580899465738739e-20
5.945415269092588427e-20
5.496378232490614285e-20
5.086727463257546327e-20
4.703416947615353663e-20
4.353424994062666594e-20
4.022049295295194611e-20
3.716327726420319472e-20
3.433867213793986876e-20
3.170763069952587432e-20
2.928010122792455916e-20
2.700189576315218024e-20
2.490458553798726117e-20
2.295955832902173433e-20
2.115480960555041436e-20
1.948478410027101158e-20
1.793827861294386926e-20
1.649854576042214455e-20
1.517906467087165976e-20
1.394384771757782050e-20
1.281392746174677802e-20
1.176674725301510017e-20
1.079616908329890052e-20
9.899557855584194120e-21
9.071022389561279548e-21
8.312596766951519745e-21
7.608651090627557079e-21
6.961790833143564563e-21
6.367014831863326799e-21
5.818580802718886891e-21
5.313001287508311136e-21
4.851107256929800755e-21
4.426563454263157527e-21
4.037722061597826837e-21
3.681585508274635080e-21
3.356509999675852466e-21
3.058388767909117887e-21
2.787352203645603335e-21
2.539842360806571725e-21
2.314733162187552482e-21
2.110169602504665413e-21
1.925022747335054127e-21
1.757610828455699477e-21
1.606270913717075838e-21
1.469725295563142113e-21
1.347582941367807830e-21
1.237722106154152864e-21
1.140355316238223685e-21
1.049666233604305454e-21
9.655498000226136043e-22
8.900619071478738538e-22
8.177825043659966940e-22
7.530258520469480716e-22
6.931246835541880150e-22
6.377523815387148145e-22
5.866758453521894239e-22
5.408605569562399179e-22
4.973841477626978978e-22
4.573865550089873091e-22
4.215496805317204740e-22
3.876926195730340333e-22
3.566190990527510170e-22
3.281079794677218082e-22
3.019590934645567629e-22
2.779827584187356967e-22
2.560004246023220913e-22
2.354280095643990280e-22
2.169989487644783378e-22
1.997666858059453111e-22
1.837014306442572188e-22
1.690473712248589152e-22
1.556673603885931495e-22
1.434516129025404861e-22
1.320900296733129069e-22
1.215546588092747636e-22
1.119547139058848492e-22
1.030664703896363620e-22
9.497006412477791185e-23
8.748169509955675497e-23
8.055947467995872925e-23
7.417445776085832447e-23
6.836652740747675211e-23
6.293718251286845655e-23
5.800317820641057311e-23
5.345935240268310037e-23
4.927319602572744120e-23
4.537538641231510468e-23
4.183512625241435846e-23
3.854241346328630196e-23
3.551715801557906492e-23
3.271184410052686820e-23
3.016786969345485989e-23
2.778630774570775860e-23
2.562770889295072713e-23
2.361093865637565666e-23
2.176574528326229512e-23
2.006243631557389526e-23
1.850440600669292327e-23
1.705429743254440792e-23
1.572928867887667753e-23
1.449826472776051627e-23
1.336505760182863072e-23
1.232296533534133749e-23
1.136428649187681374e-23
1.047648569590648979e-23
9.660806972716208194e-24
8.906520814750817579e-24
8.209353381679714225e-24
7.570175797458757921e-24
6.976043750177258635e-24
6.431922000261572873e-24
5.926980682532388461e-24
5.464855616855970918e-24
5.034036018248356291e-24
4.640174254565763487e-24
4.275704666624123902e-24
3.938888466342554636e-24
3.627812470173193482e-24
3.340807683825066930e-24
3.076123296664745075e-24
2.832211732089855868e-24
2.606453301928634251e-24
2.398716080929808153e-24
2.206739765362936031e-24
2.029511728928453603e-24
1.866017651768889917e-24
1.715309395376915744e-24
1.575913089870865202e-24
1.447630593172058263e-24
1.329178619093933330e-24
1.219908032088471737e-24
1.119194349722208350e-24
1.027423234905153702e-24
9.420498418240232251e-25
8.628186105132230966e-25
7.894541247633397057e-25
7.237238264930149510e-25
6.609620492524160279e-25
6.048220501634339331e-25
5.529867165368602673e-25
5.051955481664626228e-25
4.612018283409415178e-25
4.207511075111455094e-25
3.845578273615655924e-25
3.503815726519085964e-25
3.190672277794724492e-25
2.903960236333197940e-25
2.641711191892890977e-25
2.401973502824201392e-25
2.178205052914699260e-25
1.978815147922443657e-25
1.793099653219044419e-25
1.624222408034043516e-25
1.470746377633847539e-25
1.328603695111802122e-25
1.199859088383795464e-25
1.083245793863492525e-25
9.757896110438605914e-26
8.770785410455401585e-26
7.881703495968154280e-26
7.080721418236747721e-26
6.347800969497258659e-26
5.678897664001739960e-26
5.079136086386172827e-26
4.533309814867561777e-26
4.037945610903854739e-26
3.589362739406065845e-26
3.184185629220326533e-26
2.823640470223769920e-26
2.494628535087996496e-26
2.199348731204230078e-26
1.938081280250758929e-26
1.701382714078931550e-26
1.490321215455431880e-26
1.300436197995410721e-26
1.132372117932442463e-26
9.839477290824145385e-27
8.518189924755977354e-27
7.357925460954975325e-27
6.331435465161126578e-27
5.435149303708217007e-27
4.640050206515239786e-27
3.950997831007778914e-27
3.350039503203148141e-27
2.828053036765241535e-27
2.376544603913459522e-27
1.984653849772828777e-27
1.651656578085556439e-27
1.365298498719456156e-27
1.120644545853251987e-27
9.144631542738119351e-28
7.415643947023462499e-28
5.954966601058312173e-28
4.747547230260167092e-28
3.749693486519116986e-28
2.931743351773758477e-28
2.267421686652840056e-28
1.729910738943745961e-28
1.302756510213750179e-28
9.670045818775532064e-29
7.051622659115774353e-29
5.040678975260688577e-29
3.523847474352071088e-29
2.401381358875936933e-29
1.589514203401938969e-29
1.016813482948100276e-29
6.233835515262408441e-30
3.640051270284952640e-30
1.996768850861541838e-30
1.012519231122627763e-30
4.631224406689326157e-31
1.847555078392356746e-31
5.970943029919511699e-32
1.439670796106234626e-32
1.871226901324906321e-33
1.364526198969451992e-34
0.000000000000000000e+00
