5.209193384037707751e-08
4.859619887004939084e-08
4.550258875334150956e-08
4.250730964269151684e-08
3.977604426904858646e-08
3.712966061474873947e-08
3.480228932521446763e-08
3.246910913975484069e-08
3.042337471849502315e-08
2.842885760472766503e-08
2.663200041264149357e-08
2.483461632550409138e-08
2.326481830891250733e-08
2.169585530967697726e-08
2.036090774610532499e-08
1.899074536403857369e-08
1.779616112748214882e-08
1.657849252641269532e-08
1.554161563307721994e-08
1.448619816304439270e-08
1.356715683218303372e-08
1.265428383367205426e-08
1.185897442053018006e-08
1.105451891897198711e-08
1.034042909043151522e-08
9.647999025792351219e-09
9.021935695069225012e-09
8.416043818646043768e-09
7.868786484658587854e-09
7.340122957019447431e-09
6.862811313189267692e-09
6.395647698420920509e-09
5.980604132422240225e-09
5.569649734544837097e-09
5.204384219925449059e-09
4.849364057696364223e-09
4.528897799312274663e-09
4.218747619163764119e-09
3.942152661356887575e-09
3.668543681549528991e-09
3.424325818480362812e-09
3.187126100088246867e-09
2.974928114161573208e-09
2.767459625220469855e-09
2.581546762535027837e-09
2.402697711200036740e-09
2.240306671404961663e-09
2.083372765061790625e-09
1.942133363045540740e-09
1.806332638676642004e-09
1.682674255603139957e-09
1.564492368628816667e-09
1.456725520166852972e-09
1.354283596177159685e-09
1.260715680249049766e-09
1.172193833074257033e-09
1.090567536745634783e-09
1.013747350370640941e-09
9.433779091750293028e-10
8.764519124977976290e-10
8.151209281478921302e-10
7.578756646146808622e-10
7.046144471059152546e-10
6.547825141570895374e-10
6.087455467142166330e-10
5.658190369680909365e-10
5.261473787548279634e-10
4.888331901770195461e-10
4.545719155005037379e-10
4.224472482370515461e-10
3.927909035006938781e-10
3.652075447476839567e-10
3.394895946178185050e-10
3.157446604643814336e-10
2.935224616874664761e-10
2.730356614083562345e-10
2.538912443007772002e-10
2.361802788515083283e-10
2.196578108636651032e-10
2.043261210430829885e-10
1.901052361027402196e-10
1.768682990927955374e-10
1.646036922060496478e-10
1.531579399987757896e-10
1.425649602226649658e-10
1.326237703902694951e-10
1.234997628808015278e-10
1.149476388913763110e-10
1.069461457324372393e-10
9.970144423072871499e-11
9.270745970044451859e-11
8.638019156981479390e-11
8.046959341205632441e-11
7.495456921131785805e-11
6.981378692778410594e-11
6.502598562785505183e-11
6.057021594111417469e-11
5.642602536627572910e-11
5.257361490986641828e-11
4.899393230454760187e-11
4.566876717688950577e-11
4.258077932570269624e-11
3.965012423051507477e-11
3.699400442793388707e-11
3.447582310804709349e-11
3.214373262691022852e-11
2.994074451437853372e-11
2.790447838150892241e-11
2.602157624584172563e-11
2.427974306189885199e-11
2.263873972030040967e-11
2.109622072659324555e-11
1.967296745433183872e-11
1.835882894880412891e-11
1.710542142249719910e-11
1.596845359341280852e-11
1.488596977805517594e-11
1.388870734951475051e-11
1.295581261946832195e-11
1.208408335327711213e-11
1.127029294568404593e-11
1.051121684347038883e-11
9.803683684619379255e-12
9.144588500277712417e-12
8.530927695910916012e-12
7.959802760930666772e-12
7.428442955379846881e-12
6.928664705179871609e-12
6.464514785134128773e-12
6.033472445759971881e-12
5.629030207999764690e-12
5.250112786930873612e-12
4.898993149646613852e-12
4.570444685324049236e-12
4.266167794824785421e-12
3.979146966738863953e-12
3.713677916118582360e-12
3.465903390253512543e-12
3.232885019810557145e-12
3.015888731874320889e-12
2.815476661779353351e-12
2.625940076302627771e-12
2.451085064018398043e-12
2.286086076813153409e-12
2.132906092358624062e-12
1.990695850887664577e-12
1.856889952384436315e-12
1.732840650649813467e-12
1.616349332179317316e-12
1.508458992679950437e-12
1.407292792593697784e-12
1.312561469399442857e-12
1.224460213481086427e-12
1.142543324021041234e-12
1.065979088352990572e-12
9.941090576911438631e-13
9.274283404033361629e-13
8.652487876189816114e-13
8.070208457230453907e-13
7.528121668384282560e-13
7.021338513461906643e-13
6.548015725939941282e-13
6.108215218509576264e-13
5.696156960791631816e-13
5.312158327272498088e-13
4.954496934478851041e-13
4.620226370379953862e-13
4.308109213376648938e-13
4.016918210679392729e-13
3.749305165107929461e-13
3.491625648867947341e-13
3.257748166773744126e-13
3.037692723340524343e-13
2.831041774234039372e-13
2.637315617817055390e-13
2.461388876213996230e-13
2.291390639144328387e-13
2.137144784559584167e-13
1.992783486184638242e-13
1.857826810193988169e-13
1.731788960980192840e-13
1.611160143212663146e-13
1.501787281257169876e-13
1.399871852526335384e-13
1.304959516550051971e-13
1.214560730427518317e-13
1.132543730292026953e-13
1.054560722303738520e-13
9.822303932029076665e-14
9.151469764264717686e-14
8.529301982203943668e-14
7.940802650435689585e-14
7.396204777647519443e-14
6.892113796005086728e-14
6.416844752817562318e-14
5.977615115905347167e-14
5.564489020072170045e-14
5.183123954753261760e-14
4.825099914854619352e-14
4.489616837158823288e-14
4.180522864616753046e-14
3.891224022647145412e-14
3.624742234894514347e-14
3.371993834005151787e-14
3.139554085453710234e-14
2.922678009722538803e-14
2.720517626747801240e-14
2.529846177572869623e-14
2.354838388188430664e-14
2.192060611891381520e-14
2.038961036729569759e-14
1.898517901682334545e-14
1.765141532273103649e-14
1.642945462365849975e-14
1.528443568403810513e-14
1.422421129165190848e-14
1.323264016470691723e-14
1.230661860216010137e-14
1.145097273426570330e-14
1.065284096429364723e-14
9.909140585507956826e-15
9.216806861834989615e-15
8.572807983929654721e-15
7.974189652987879679e-15
7.418079948587112295e-15
6.897694035836175535e-15
6.415169153271262431e-15
5.967876921419109510e-15
5.550339578060244929e-15
5.161060890640263304e-15
4.800967203112985651e-15
4.465633508055117189e-15
4.153628117291804178e-15
3.861732917123469991e-15
3.592381086683992430e-15
3.340762259141987018e-15
3.107376574633209501e-15
2.889755418756732218e-15
2.688159912537719678e-15
2.500438189205013581e-15
2.325788415404518171e-15
2.162606465992111407e-15
2.011836584755311708e-15
1.871166807253331257e-15
1.740681617070791255e-15
1.619135375781735876e-15
1.506021766309420990e-15
1.401289908053268537e-15
1.303511048818584516e-15
1.212707007887236913e-15
1.128088310827639793e-15
1.049613568366761175e-15
9.765845063692875644e-16
9.086757198502339559e-16
8.462392266311274596e-16
7.867562993333129063e-16
7.329124952824393763e-16
6.807279760634235383e-16
6.335562557393170562e-16
5.907992537855653915e-16
5.494801527051707691e-16
5.109537810719557300e-16
4.760776759840926017e-16
4.425982834680489807e-16
4.123020455520813865e-16
3.840649957667876510e-16
3.577685369810693605e-16
3.326843012668373277e-16
3.099806970834034757e-16
2.883717763160736244e-16
2.688032469740986856e-16
2.502106910588886845e-16
2.329884430463178297e-16
2.170358457294247041e-16
2.022587041536463879e-16
1.882921076560286150e-16
1.753830047301543042e-16
1.634476328358152087e-16
1.522028182759102237e-16
1.418216443753952240e-16
1.322328460963140310e-16
1.232178872840336675e-16
1.147598920292617351e-16
1.069646968499238094e-16
9.966079939520359585e-17
9.293120021738707193e-17
8.663164365384525313e-17
8.074246181411307216e-17
7.524332941520721282e-17
7.011362923129369618e-17
6.539599269516497131e-17
6.093764347485603040e-17
5.684040326893423356e-17
5.297602665590105775e-17
4.938317849013069964e-17
4.604392208745983497e-17
4.294117893300204661e-17
4.005872986249251400e-17
3.735228800334593280e-17
3.481545202669444258e-17
3.246501410819427950e-17
3.028687380044867518e-17
2.824833718134694694e-17
2.634268497341822598e-17
2.456308879336233157e-17
2.291733326875111596e-17
2.136797795878784537e-17
1.993655244542654555e-17
1.859132413829064898e-17
1.733930468369019374e-17
1.617446829852758767e-17
1.509105302439427971e-17
1.407614773478662750e-17
1.312661413334785491e-17
1.224535539453617072e-17
1.142184842248560972e-17
1.065299721978859221e-17
9.935728180674087733e-18
9.267026575419074807e-18
8.643954561691566188e-18
8.060240186737495827e-18
7.517217065177151438e-18
7.012186887376114795e-18
6.540015481396961188e-18
6.098984876334671692e-18
5.685263847053312648e-18
5.301598253750512887e-18
4.944007250681242988e-18
4.609306667337052216e-18
4.297834741401282037e-18
4.006766307243843391e-18
3.735017552168245736e-18
3.482590388135162060e-18
3.246170555737864613e-18
3.025024172374493981e-18
2.820011231749031881e-18
2.627725711331042253e-18
2.448982313142003060e-18
2.282262154616278903e-18
2.127960763548194222e-18
1.981588076042129475e-18
1.844104823083709323e-18
1.719314682008171692e-18
1.602029569591178857e-18
1.491994456118190641e-18
1.388925670936028207e-18
1.292520352008049884e-18
1.204987330647166068e-18
1.120717284979543716e-18
1.044248197821189409e-18
9.709016933822326439e-19
9.043632624602731335e-19
8.407370549317902838e-19
7.830168553818946444e-19
7.279618150896152804e-19
6.768460201023999403e-19
6.294029544466733975e-19
5.853797141380379750e-19
5.445377722610710280e-19
5.058685574287454423e-19
4.700904804843354207e-19
4.369844620832291089e-19
4.063473729366375142e-19
3.774615039030887897e-19
3.503007606818814952e-19
3.256911947194243224e-19
3.021568974466150204e-19
2.804826394409807809e-19
2.605104511801546369e-19
2.418044387803686619e-19
2.243157059966610663e-19
2.082303748936906686e-19
1.929922024121144853e-19
1.790038877597759888e-19
1.659748854832680573e-19
1.538531959896930521e-19
1.427319626761114258e-19
1.322567125966512788e-19
1.225378632915325727e-19
1.134202080081600737e-19
1.050816574057712734e-19
9.727223190941458405e-20
9.012145914593697692e-20
8.333906437448706122e-20
7.706114835818945076e-20
7.125144328171368916e-20
6.582274657850790858e-20
6.080662661644926429e-20
5.608480929465471193e-20
5.173225526306298093e-20
4.768417042733581739e-20
4.392393021286611856e-20
4.043507201224859408e-20
3.720146122990244016e-20
3.418369762354106990e-20
3.141629871449998198e-20
2.881992267367316262e-20
2.644411564049158767e-20
2.423808870945807265e-20
2.219347717530154147e-20
2.030175007279943583e-20
1.855436850089373994e-20
1.695302632683229978e-20
1.546800555136707373e-20
1.410252839393852942e-20
1.284875959453822566e-20
1.169260703475793943e-20
1.062896696805653052e-20
9.657862064361815346e-21
8.767776874399095665e-21
7.953765371450383356e-21
7.210982756676039745e-21
6.534701264489424369e-21
5.917487012369319318e-21
5.358493510254203147e-21
4.851193296314544127e-21
4.392315504794243249e-21
3.978647464037137175e-21
3.607050931364225044e-21
3.274493612780418447e-21
2.976921740710495172e-21
2.712012756488609495e-21
2.478317957554078145e-21
2.271798320597322311e-21
2.091609731702067275e-21
1.924106808353278419e-21
1.768515798214684290e-21
1.628859633152817940e-21
1.494975131520385101e-21
1.375011343452255361e-21
1.263935035585014765e-21
1.161255744732194106e-21
1.066476946193693104e-21
9.814702985954981966e-22
9.007715128262500533e-22
8.265474762284101353e-22
7.600396136338407793e-22
6.972306999141754132e-22
6.396011326783595117e-22
5.867541982696538386e-22
5.383163126804954981e-22
4.939372283282721030e-22
4.532897893521363311e-22
4.152877486099804152e-22
3.812927972723041345e-22
3.495452235486557505e-22
3.200019295408197400e-22
2.930961317038418465e-22
2.685852828305835229e-22
2.462488770375491322e-22
2.255305428398649150e-22
2.063619138300187091e-22
1.889511095980029699e-22
1.728734213359708713e-22
1.582819175575033061e-22
1.448271724275633559e-22
1.324416943231177531e-22
1.210576983339958477e-22
1.107512609231130124e-22
1.011552623997037686e-22
9.248047317994024742e-23
8.452769086962378253e-23
7.724309760104572795e-23
7.049481829083468393e-23
6.440440354270564688e-23
5.877187201460684123e-23
5.363264427968257099e-23
4.889752773338931687e-23
4.463633383363201167e-23
4.067530498404180935e-23
3.711467053626325833e-23
3.381351837231462163e-23
3.081992958537874808e-23
2.807953779571736494e-23
2.559642731981929547e-23
2.330598876414758300e-23
2.123406118029584972e-23
1.932753109409884088e-23
1.759109830558831825e-23
1.601059183550863801e-23
1.457277362572555478e-23
1.325564219204865952e-23
1.205965835193309655e-23
1.096628712446201778e-23
9.968087236259946415e-24
9.063868791293170044e-24
8.234084903329110510e-24
7.483667805305789693e-24
6.796493561518505671e-24
6.175780885684655462e-24
5.605030372896039052e-24
5.090309424126091830e-24
4.620698337119538464e-24
4.192789530572804064e-24
3.803312233425821941e-24
3.449163849425375731e-24
3.127410386807281276e-24
2.835304216258621205e-24
2.569042447763902040e-24
2.327759638063346238e-24
2.108231803336219948e-24
1.908716838369933333e-24
1.727562128808847716e-24
1.563216107616444477e-24
1.413636900294301006e-24
1.278198726989553849e-24
1.155164884003079965e-24
1.043519684026966183e-24
9.423037286114201391e-25
8.515880289169907107e-25
7.685794084948486516e-25
6.928250394243720089e-25
6.238543493077999460e-25
5.630929005985625570e-25
5.060453123486724628e-25
4.558812358552984718e-25
4.103344207036700157e-25
3.690481141682470861e-25
3.316787696781834130e-25
2.979000956744714638e-25
2.681767935747535112e-25
2.405784536152822615e-25
2.157142399158967603e-25
1.933325960122947143e-25
1.732008979317054836e-25
1.551053979439932285e-25
1.384964667981092212e-25
1.239451111083539905e-25
1.106144433348361714e-25
9.869500685156405980e-26
8.803988203265788290e-26
7.833547302119266343e-26
6.968998663919918827e-26
6.198816500796023297e-26
5.500632782221094787e-26
4.869911060881981442e-26
4.311102468099927020e-26
3.815914321760416230e-26
3.370097152090190222e-26
2.969899389159544634e-26
2.616856378049668376e-26
2.300798438507370452e-26
2.018586903628311653e-26
1.767220850277352266e-26
1.543864318209659545e-26
1.348369958348747252e-26
1.172868000839421039e-26
1.017972447268333811e-26
8.831598117420510320e-27
7.630497567925945566e-27
6.577255965658079790e-27
5.645736642385534039e-27
4.835558443578008222e-27
4.132656984811942093e-27
3.517958081884418741e-27
2.987806094571379127e-27
2.527178354674621788e-27
2.132260168243323355e-27
1.788337224462124850e-27
1.495819308364672149e-27
1.245478326387564530e-27
1.032161593912178789e-27
8.512077208296652314e-28
6.972290088516217911e-28
5.690101724070822700e-28
4.609842685031069552e-28
3.706204686806933761e-28
2.960868268857250175e-28
2.349504818532707957e-28
1.844548785647178162e-28
1.436827171171327297e-28
1.107851896421860465e-28
8.448432517333972599e-29
6.366536878717169145e-29
4.726896192805486580e-29
3.459851775993399366e-29
2.492803133553471107e-29
1.761433134837352166e-29
1.217769676649693867e-29
8.215755929986497341e-30
5.389881837762703251e-30
3.424758108926044193e-30
2.096073951472923021e-30
1.224332931489377437e-30
6.778809497815047056e-31
3.504048937702419160e-31
1.661687893464284684e-31
7.033083350289764606e-32
2.565290509646193632e-32
7.406635126180538669e-33
1.571350186209583519e-33
1.684818037344437718e-34
9.249812105152570337e-36
0.000000000000000000e+00
