3.161249726401786187e-08
2.948681331722991704e-08
2.760576442867872259e-08
2.578490475804626460e-08
2.412467345543580939e-08
2.251635342682478707e-08
2.110205124900425975e-08
1.968446193073799130e-08
1.844166831977370534e-08
1.723016807129740689e-08
1.613888031143092768e-08
1.504741305950850317e-08
1.409429951432209946e-08
1.314179684605659187e-08
1.233150479298149011e-08
1.149991139017964588e-08
1.077502200462201653e-08
1.003618020835617776e-08
9.407170106104115559e-09
8.766949174702219892e-09
8.209582374591055996e-09
7.655979475100347455e-09
7.173790543382658981e-09
6.686068946406397299e-09
6.253247652754316397e-09
5.833559926432375978e-09
5.454203139499677296e-09
5.087068979670229039e-09
4.755560676906193750e-09
4.435312013878560267e-09
4.146258845539399757e-09
3.863345526316695473e-09
3.612075256826730628e-09
3.363273912715405602e-09
3.142205335490274137e-09
2.927330626657256621e-09
2.733433740224103342e-09
2.545772292633280319e-09
2.378470230829826710e-09
2.212968798356272689e-09
2.065295561907229060e-09
1.921861940281256895e-09
1.793590303456669803e-09
1.668174781675182223e-09
1.555827705401687183e-09
1.447747745600919288e-09
1.349646351833760634e-09
1.254841569567393789e-09
1.169546081112430197e-09
1.087536084325259451e-09
1.012882987799076707e-09
9.415382635634466618e-10
8.765014866118178999e-10
8.146813524633021323e-10
7.582337063660198557e-10
7.048339740550925203e-10
6.556085632651883166e-10
6.092858013945686900e-10
5.668650857321575702e-10
5.265248150531980552e-10
4.895673382916926774e-10
4.550766042835089411e-10
4.229949883496040748e-10
3.929837994046709715e-10
3.652654526528572170e-10
3.394245555285541185e-10
3.155491803365169548e-10
2.930970914221084657e-10
2.724872081048126739e-10
2.531667958321594203e-10
2.353353910962808962e-10
2.187542332606764590e-10
2.032983277792314167e-10
1.890316147586972246e-10
1.756831897724780021e-10
1.633802629461041543e-10
1.518864059879333329e-10
1.412558764475408580e-10
1.313412609316255154e-10
1.221435765990212976e-10
1.136144895142935964e-10
1.056775981760209066e-10
9.832563128963479976e-11
9.146631266262164944e-11
8.511970765713986445e-11
7.916516993848627433e-11
7.370153242856520324e-11
6.858168321077731002e-11
6.379273073814681340e-11
5.945784559209801250e-11
5.527406202661374699e-11
5.149009000584446559e-11
4.795620761714082687e-11
4.465967662304116590e-11
4.158762585821476924e-11
3.872723631047460341e-11
3.606588402009553235e-11
3.359125168977631828e-11
3.129142125038118878e-11
2.915492998572121478e-11
2.717082626805741932e-11
2.532868659792179519e-11
2.358082199524595435e-11
2.199706591898200595e-11
2.049590599881396090e-11
1.910600048298280490e-11
1.779333861629718573e-11
1.658029327128726252e-11
1.545885815980214112e-11
1.442166661973896364e-11
1.344472366524408139e-11
1.252660641651612305e-11
1.167965353800285416e-11
1.089779170918034198e-11
1.015221215684998690e-11
9.476028979097397338e-12
8.832372694647827812e-12
8.239502466095615574e-12
7.685001393477166780e-12
7.166950632618790883e-12
6.683418121646593175e-12
6.232474359640192358e-12
5.812222710352058728e-12
5.420807265271598128e-12
5.056433511249573223e-12
4.717370520517033300e-12
4.401964297807180157e-12
4.105349691502621458e-12
3.829921449372309998e-12
3.574176605331412177e-12
3.334248192346716184e-12
3.109493336039992917e-12
2.901255105352899504e-12
2.706429016934481786e-12
2.526019074470586279e-12
2.355862014347492925e-12
2.198501133044591784e-12
2.051646601464658280e-12
1.913554208742235676e-12
1.784971714496257828e-12
1.666229568976113146e-12
1.553943301203071220e-12
1.450365811318892931e-12
1.352636821931728175e-12
1.261917460633323855e-12
1.177703137635655918e-12
1.098473344261772742e-12
1.025027580398678621e-12
9.560629770657470307e-13
8.921959781407126711e-13
8.323146026120467899e-13
7.762468523190278563e-13
7.241074737492197997e-13
6.756319509873383440e-13
6.303274498857424904e-13
5.878038134464895607e-13
5.483534513483300998e-13
5.115687258473005100e-13
4.771240961646350541e-13
4.450591909537864323e-13
4.150844546252749357e-13
3.870905445631283168e-13
3.610808133143639344e-13
3.367131613432185026e-13
3.140061159455603272e-13
2.928576011771270388e-13
2.730931930337919234e-13
2.546395501838579115e-13
2.374239480021810761e-13
2.216030022323017269e-13
2.063699534042312204e-13
1.925445428130708148e-13
1.795366892614370055e-13
1.673216273190761659e-13
1.558709219311006304e-13
1.454726140545448536e-13
1.354249969623540130e-13
1.263086481028255427e-13
1.177767004159958069e-13
1.098007453441639404e-13
1.023520318750745994e-13
9.522310419067344260e-14
8.875947196450802361e-14
8.273662270352619730e-14
7.712768313505998186e-14
7.178551345205001065e-14
6.693869245544349073e-14
6.233027225514901919e-14
5.805589820214652926e-14
5.409158288381251302e-14
5.041484699598741928e-14
4.693705423643726450e-14
4.371867343225205536e-14
4.073964250611864166e-14
3.793090531372007727e-14
3.533511548787483218e-14
3.289355399982555750e-14
3.063965816253919902e-14
2.852366737451453931e-14
2.654085512786487422e-14
2.471396864616028875e-14
2.300403864305095271e-14
2.142893068577236028e-14
1.993495720033153351e-14
1.856098780935378949e-14
1.727897959844190886e-14
1.608392411307978368e-14
1.495675030329726648e-14
1.392214188279784815e-14
1.295980493347208093e-14
1.205465699795149771e-14
1.122431010839966977e-14
1.043572000609473294e-14
9.713211630781935908e-15
9.036176540637084727e-15
8.409261346031055652e-15
7.822924902021906140e-15
7.275334765835741095e-15
6.769347741737279828e-15
6.297360839738824803e-15
5.857553453348323332e-15
5.448115375440353114e-15
5.067255693531420461e-15
4.713229090121630160e-15
4.384338784497871877e-15
4.076573582961075434e-15
3.791198791070159213e-15
3.526661051694493939e-15
3.279721675688244919e-15
3.049496560417067388e-15
2.836534213923400891e-15
2.638218129770273493e-15
2.453702003152942586e-15
2.281082964420454106e-15
2.121800070032133728e-15
1.973008681297579088e-15
1.835004512949950103e-15
1.706327685498408318e-15
1.587132370370750804e-15
1.476145932149736171e-15
1.372893973800082002e-15
1.276427783178195870e-15
1.187305098470591240e-15
1.104158755792204893e-15
1.027038188783863581e-15
9.552066381114884974e-16
8.883643503280853857e-16
8.264806579700090972e-16
7.687107694732931347e-16
7.150670214024199031e-16
6.650824560081195711e-16
6.187320507220403669e-16
5.756028042528607776e-16
5.355019956672392219e-16
4.986368881487653431e-16
4.635198790069688844e-16
4.317359332802090567e-16
4.009353438134850241e-16
3.730970486280267480e-16
3.478673463785863539e-16
3.234893325328368564e-16
3.007621353977154078e-16
2.801911214739679830e-16
2.604467105874863335e-16
2.425821198999478369e-16
2.259341453407510301e-16
2.104325589372445742e-16
1.956477769188245414e-16
1.822681737647812172e-16
1.695356259962619416e-16
1.580071054154406844e-16
1.470552621588348974e-16
1.369121923105987760e-16
1.275183750299260509e-16
1.188181207149191427e-16
1.105964138899248734e-16
1.029984641888268692e-16
9.597477616987855321e-17
8.935855923969317196e-17
8.325150944606849993e-17
7.761153892302835600e-17
7.230997952962407319e-17
6.733680738078121014e-17
6.275413350841882153e-17
5.846102037556959558e-17
5.450614797152967523e-17
5.080463865330513188e-17
4.734485495728276627e-17
4.411477797610451916e-17
4.110222164575944211e-17
3.833214028191619092e-17
3.571475874693322172e-17
3.330979067530943772e-17
3.104189759729158835e-17
2.893372057978367439e-17
2.697467922095933065e-17
2.515470224467231227e-17
2.346422735738269665e-17
2.187724089817206502e-17
2.038995441048953851e-17
1.901217546736889813e-17
1.773559990029205205e-17
1.654103368754121843e-17
1.542451142004980046e-17
1.438200584656640253e-17
1.341805006404150248e-17
1.251069091753228429e-17
1.167251514484119822e-17
1.088492109928655614e-17
1.015199619047464716e-17
9.470195217288950691e-18
8.836129216703689858e-18
8.242227841916586509e-18
7.686642206161247835e-18
7.171058862335134921e-18
6.689310040486867743e-18
6.239574919827651916e-18
5.820046721010539381e-18
5.428954083843272692e-18
5.064571526814565505e-18
4.723224785565080819e-18
4.405688080729901189e-18
4.110378431286350780e-18
3.834289322361382623e-18
3.576412463125292249e-18
3.334504445350955104e-18
3.110168045941743456e-18
2.901073345803325759e-18
2.705356582617622083e-18
2.523214088894239682e-18
2.352992674092907673e-18
2.194057714253081967e-18
2.046409932010197755e-18
1.908110617157908987e-18
1.778730373713120594e-18
1.658772725412657158e-18
1.546245246475327455e-18
1.441625346066925116e-18
1.344024943650211905e-18
1.253677428322885323e-18
1.167961118166815170e-18
1.087440071096668026e-18
1.014342406855893919e-18
9.456297129346066567e-19
8.811527026759164527e-19
8.207454544489072345e-19
7.642309049299817976e-19
7.129050553188007225e-19
6.634794966190196466e-19
6.186165513485344864e-19
5.755723877882134922e-19
5.365107867694036819e-19
4.991457130727304001e-19
4.652363345627489649e-19
4.328798613920378992e-19
4.028257722520419301e-19
3.749185972908497416e-19
3.490108246155510680e-19
3.249633267207998751e-19
3.021831452621568994e-19
2.810944076885267419e-19
2.615693126091431972e-19
2.434893534658267543e-19
2.264319529696943390e-19
2.103823756839228216e-19
1.958300554953099623e-19
1.819032829753373904e-19
1.690671976775045585e-19
1.572295415832545215e-19
1.461329761615685528e-19
1.357492703400019159e-19
1.261899430460941794e-19
1.171252372863918429e-19
1.087955115322025429e-19
1.010287653719236198e-19
9.379481211402615033e-20
8.715020103843811075e-20
8.088394540847819217e-20
7.506273030358445281e-20
6.959426350004334201e-20
6.458604798865971053e-20
5.988874978309095400e-20
5.558292337796840427e-20
5.149628030606849218e-20
4.771094021253116755e-20
4.420525792846206748e-20
4.092679999615414138e-20
3.789482820632383976e-20
3.503802081820311745e-20
3.240191094620267743e-20
2.994748872556619058e-20
2.766487618080610134e-20
2.554429001694366910e-20
2.357614393042792212e-20
2.173665073185784491e-20
2.004708740715500721e-20
1.845922774587602569e-20
1.700359064941948639e-20
1.564931819079347163e-20
1.439147811498179317e-20
1.322503479864749483e-20
1.214494611498177107e-20
1.115251495536902831e-20
1.022955991874171748e-20
9.378298045197622401e-21
8.594094191646936428e-21
7.868364664490155943e-21
7.198121069412424253e-21
6.583624043277827584e-21
6.017840737340260641e-21
5.497863976241574191e-21
5.020843896791134714e-21
4.583995697235880904e-21
4.182757110039787081e-21
3.816824791301206109e-21
3.482182538520331610e-21
3.176918741189132157e-21
2.899152835443379991e-21
2.647043961663295151e-21
2.418811038052253273e-21
2.211941854139189439e-21
2.025087458100110365e-21
1.857522389460917269e-21
1.706646080342916568e-21
1.572601034062412473e-21
1.447611032825214174e-21
1.331409695368741949e-21
1.227021359297916163e-21
1.126863763968020584e-21
1.037045976912038444e-21
9.538155603390365149e-22
8.768161458949490373e-22
8.056858880902654009e-22
7.418412477092426153e-22
6.811871011909796046e-22
6.253583239482701200e-22
5.752978158272308752e-22
5.279887282929608637e-22
4.845511474033852546e-22
4.446919525687120575e-22
4.081347170305879465e-22
3.746199079861792355e-22
3.439047856205517719e-22
3.151718862609156989e-22
2.894542966582534365e-22
2.654240159923247229e-22
2.430505461754448347e-22
2.226643121863702055e-22
2.040839517979999205e-22
1.871444135337884401e-22
1.714254140437444548e-22
1.568764110115463788e-22
1.436567189925482355e-22
1.314450782688203702e-22
1.203588006888181065e-22
1.101333306483081750e-22
1.007181189619706896e-22
9.206229889923903935e-23
8.422432512538044194e-23
7.692550338199511965e-23
7.032656432029239480e-23
6.427634268195132901e-23
5.873418419723279652e-23
5.359999246659439677e-23
4.896643255132341135e-23
4.468150461616102609e-23
4.077225391160447359e-23
3.717029445772189716e-23
3.392849338072228356e-23
3.091477241861504216e-23
2.820548255325455870e-23
2.569348264688359599e-23
2.341542207497700945e-23
2.132998216821507876e-23
1.944031273529735085e-23
1.769727796482363128e-23
1.612056592770200083e-23
1.466977579185021072e-23
1.334849654057410694e-23
1.214595185761739637e-23
1.105207142536577644e-23
1.005011618901651354e-23
9.140432889458233870e-24
8.308916989319307703e-24
7.549901768184194024e-24
6.862471601229240448e-24
6.231754746427208659e-24
5.661487777714731462e-24
5.139403880091983778e-24
4.667934209711254451e-24
4.234532473076801813e-24
3.843791707327238847e-24
3.487406599611481556e-24
3.162777302237228570e-24
2.867408378178650856e-24
2.598932689784061340e-24
2.355111859456871335e-24
2.133849749014207486e-24
1.932252667058011236e-24
1.749652447846993747e-24
1.583596529658717998e-24
1.432755319841146513e-24
1.295867816357520226e-24
1.171750329958124179e-24
1.058850300067011573e-24
9.566852226254541825e-25
8.639351849372040579e-25
7.798253446212523590e-25
7.036240819015173796e-25
6.353731938732732836e-25
5.729578606719655491e-25
5.160324759946773166e-25
4.642385690828609578e-25
4.186403124214767095e-25
3.758594859683884615e-25
3.382687079448123448e-25
3.041640672259417567e-25
2.732743765348483686e-25
2.453386523938119260e-25
2.201091415810470355e-25
1.979284566074138734e-25
1.773526063155727094e-25
1.588332686954952265e-25
1.421798556343579169e-25
1.272162289794429696e-25
1.137806314354579126e-25
1.014627129726092541e-25
9.068335821332975922e-26
8.082010006608531309e-26
7.201199163800052897e-26
6.414824750730212255e-26
5.699564502587072229e-26
5.063225438250593666e-26
4.497138099477976559e-26
3.984711096920178429e-26
3.522491532985507388e-26
3.113603785244777118e-26
2.751835034732892833e-26
2.426656462348069232e-26
2.135233628125599197e-26
1.878580471654910055e-26
1.649206597049436017e-26
1.444753384923377681e-26
1.262970402631551321e-26
1.101735054714347106e-26
9.608691568138156972e-27
8.346409375815522648e-27
7.234407025340243351e-27
6.268372078917944360e-27
5.409281321796149520e-27
4.657337773447199439e-27
3.993489677278094425e-27
3.416839285139733563e-27
2.917090334996544287e-27
2.480537919848835052e-27
2.104456416257640734e-27
1.778070495823391930e-27
1.498571434578620368e-27
1.255453441742038927e-27
1.048924072535558891e-27
8.723897392827684204e-28
7.221508645636943006e-28
5.948654397142330253e-28
4.866930507571903699e-28
3.967335606635103437e-28
3.210401332404814859e-28
2.578059759873667870e-28
2.057187317331175258e-28
1.630511012269967335e-28
1.278571753163079221e-28
9.947873020320032821e-29
7.661231421826535472e-29
5.835600507796594678e-29
4.392457168927387454e-29
3.257431878451863125e-29
2.381530648843664976e-29
1.713923289478812146e-29
1.209700154276081760e-29
8.353905995922106222e-30
5.629770873779626069e-30
3.689337061740909823e-30
2.341710550061103058e-30
1.431705583650803547e-30
8.354086838760219799e-31
4.620803497220789769e-31
2.386217650897281024e-31
1.130520537693198530e-31
4.780548396939716726e-32
1.742161860928068161e-32
5.025823276325599772e-33
1.065405752947990456e-33
1.141480690697157270e-34
6.262429451458412633e-36
0.000000000000000000e+00
