4.448376656135189654e-08
4.145778773105238655e-08
3.867627961804733875e-08
3.609615614602868974e-08
3.365044346757266146e-08
3.138098890927939118e-08
2.930439260658400526e-08
2.731277050563359538e-08
2.549549536329255346e-08
2.380212773257079546e-08
2.221308820338335079e-08
2.069376431933496220e-08
1.931195854285039706e-08
1.799254582773727691e-08
1.682231393098494745e-08
1.567604509885371332e-08
1.463448251739592972e-08
1.362076920918744301e-08
1.272117177270519250e-08
1.184733326764995109e-08
1.105436744048177142e-08
1.030273639277900444e-08
9.620009027889869056e-09
8.961038693229115478e-09
8.351747727480271630e-09
7.787739583121237025e-09
7.256561066871164955e-09
6.765620404710494742e-09
6.303931460156333057e-09
5.877802748863429599e-09
5.477410244071688457e-09
5.102685669914756381e-09
4.756521274674750126e-09
4.428486317905536526e-09
4.125692862531415421e-09
3.843750767956381646e-09
3.579705011261585822e-09
3.334556269140017790e-09
3.107978595354439345e-09
2.892649423887592372e-09
2.693856736888493120e-09
2.508010394775705540e-09
2.336323248445571969e-09
2.174423039375543076e-09
2.024930725995898346e-09
1.885911121667637246e-09
1.756117246462299153e-09
1.634530594202148114e-09
1.522299814985244451e-09
1.417403047903921667e-09
1.319694955329074437e-09
1.228626118109195824e-09
1.143913842786218282e-09
1.065116097947884982e-09
9.918968949840581410e-10
9.238799880332900769e-10
8.602432224414395960e-10
8.012292596117003738e-10
7.465116376399872334e-10
6.950611085923427651e-10
6.474430799381308806e-10
6.033661830120796609e-10
5.620244187995228393e-10
5.235594496433396031e-10
4.877920851526244500e-10
4.545490948618211826e-10
4.236644148228550679e-10
3.946525043755174832e-10
3.678987587274720655e-10
3.428074952995049211e-10
3.195590078411394225e-10
2.979060126028551309e-10
2.776517072113855940e-10
2.589112032795370969e-10
2.413196848977401514e-10
2.250597785097454615e-10
2.098213256699858856e-10
1.956842459092252239e-10
1.824583228047114241e-10
1.701505178842308294e-10
1.587023632486854203e-10
1.480163835778556669e-10
1.380880245883009666e-10
1.287971860475341937e-10
1.201753351515251360e-10
1.120623130763873470e-10
1.045964885516039128e-10
9.758033990157472544e-11
9.099884805455485209e-11
8.502465140024754431e-11
7.924259311449019139e-11
7.399853833149407714e-11
6.908775148211956208e-11
6.449442056474324968e-11
6.020239883758839056e-11
5.619547141179977694e-11
5.245754206636775905e-11
4.897280392714369242e-11
4.572586289945821574e-11
4.270183260196664442e-11
3.988641193864341987e-11
3.726592457129439385e-11
3.477335819948876335e-11
3.250927163974083168e-11
3.035806270500238963e-11
2.836147363678268981e-11
2.647130859412073243e-11
2.472040522139249102e-11
2.309791573696194704e-11
2.159382731575701755e-11
2.017384135394136614e-11
1.883627390874557130e-11
1.759955184190064884e-11
1.645529960845167080e-11
1.536168535894340033e-11
1.436764212108517668e-11
1.341932007561580028e-11
1.254389025318862891e-11
1.172332333346091794e-11
1.095502274301400360e-11
1.023635492294897994e-11
9.564671434647158574e-12
8.937354898222451954e-12
8.351829916965624926e-12
7.805595533549560716e-12
7.296228086352129389e-12
6.821403200626290656e-12
6.373929987841935459e-12
5.957547687267415707e-12
5.570118288906573698e-12
5.205896577775205802e-12
4.864001385511860763e-12
4.546577507634283296e-12
4.248988779062143586e-12
3.972858209117336443e-12
3.711890546079870881e-12
3.470058632325185027e-12
3.243918841340931497e-12
3.030844243617911478e-12
2.832044835605266958e-12
2.648094713128651785e-12
2.473801381110850702e-12
2.312709037173891715e-12
2.160414764500198253e-12
2.018767418227991896e-12
1.887022616011464968e-12
1.762837202950435295e-12
1.647497558612101885e-12
1.538989623268649862e-12
1.438313049514713472e-12
1.343743282283046968e-12
1.255032080694392057e-12
1.172384763618732114e-12
1.095405778962183077e-12
1.023333403995477023e-12
9.555646373172662615e-13
8.925830930254401575e-13
8.337555599499013652e-13
7.785761734419433320e-13
7.271223861187012738e-13
6.789426700079795054e-13
6.338730964437071750e-13
5.919305848835200022e-13
5.525738873544583787e-13
5.158422044477282513e-13
4.815795053499514312e-13
4.495113639801662970e-13
4.195260963893903021e-13
3.915124254785217137e-13
3.657323595303086596e-13
3.408763234474168329e-13
3.182869583937707425e-13
2.970059975502462800e-13
2.769967641358478388e-13
2.582164359581200887e-13
2.411418883379261345e-13
2.246241572038791028e-13
2.096205503242997678e-13
1.955637135082179796e-13
1.824092851494172716e-13
1.701121394812669171e-13
1.583314615819268884e-13
1.476402125635401448e-13
1.376692518490422811e-13
1.283757075683887225e-13
1.195169935247525557e-13
1.114735097452274654e-13
1.038200926488147210e-13
9.671652076453017444e-14
9.012394135821824311e-14
8.400588166897809531e-14
7.821554336101182562e-14
7.285424200531604525e-14
6.788920344868937839e-14
6.320585064259202539e-14
5.887575206691350940e-14
5.480137062232724694e-14
5.103886052050800071e-14
4.750547573374069929e-14
4.419357752448183928e-14
4.114140627659241235e-14
3.828406866679489279e-14
3.565159724914437566e-14
3.315440965960228862e-14
3.085759964785093661e-14
2.871439656478458217e-14
2.671651361406132422e-14
2.483213757591478606e-14
2.310259081618289892e-14
2.149398777220881530e-14
1.998115213841558992e-14
1.859353988320933191e-14
1.727594608363248135e-14
1.606902099777156336e-14
1.493833509485008939e-14
1.389164364499242968e-14
1.291300622028282424e-14
1.199935451821281077e-14
1.115543559147886934e-14
1.036854635127952677e-14
9.635630438645012933e-15
8.953648248442225499e-15
8.319590454460472665e-15
7.730524323923510990e-15
7.183596923260059178e-15
6.672111915749790116e-15
6.198143908642660939e-15
5.759081173061623093e-15
5.349518453605804790e-15
4.967963423090041279e-15
4.615294229077480151e-15
4.287147856409834706e-15
3.982095836859885248e-15
3.696967283499441699e-15
3.434110771312215648e-15
3.188804118286744900e-15
2.961509098797234862e-15
2.749795940634461277e-15
2.553892895553290515e-15
2.371683481642060989e-15
2.202365914783934426e-15
2.044363294440195263e-15
1.898566728326595871e-15
1.762717486888988609e-15
1.636876204916904132e-15
1.519820672381171703e-15
1.411044154393215676e-15
1.310477672622973527e-15
1.216730910396751070e-15
1.129807640647382787e-15
1.048935415066518209e-15
9.740582749881724214e-16
9.044941139496830591e-16
8.399182144447602270e-16
7.806494146573873363e-16
7.242851625655388250e-16
6.733572125213193299e-16
6.240907257143245128e-16
5.796419647048507777e-16
5.394293645773251588e-16
5.006442231327132008e-16
4.645530113134031919e-16
4.319470000898846809e-16
4.007106757046856837e-16
3.725028259778333955e-16
3.462666575643628796e-16
3.218847435245282692e-16
2.986766725991067269e-16
2.777166158398797669e-16
2.578106084065558279e-16
2.398236764702314252e-16
2.227713945967127243e-16
2.070111128530448691e-16
1.924452837094329142e-16
1.789828231392601507e-16
1.662874248069356921e-16
1.545798667285844219e-16
1.437798234964692248e-16
1.336276800364176036e-16
1.242765198355082824e-16
1.156585391521772213e-16
1.075744962800808018e-16
1.000070433975528966e-16
9.304830035471323011e-17
8.654271554190560895e-17
8.056196786120519648e-17
7.497572149188395127e-17
6.976484166648690701e-17
6.490970732022019669e-17
6.039056687721946277e-17
5.624331953818534133e-17
5.233229647585740753e-17
4.874556124777546898e-17
4.536964783140920539e-17
4.223735069534823617e-17
3.933198208952136482e-17
3.663770917354226916e-17
3.413955489919387325e-17
3.179838622510882033e-17
2.960803316499888263e-17
2.758233011594444237e-17
2.570845213198873105e-17
2.395770920087139656e-17
2.232385304713690902e-17
2.080058301017204774e-17
1.939411346738539892e-17
1.807206502183861390e-17
1.685245796243204396e-17
1.570793040748461552e-17
1.464416959008498152e-17
1.365578290037795332e-17
1.273763133446999745e-17
1.187856140235897298e-17
1.107573144698669477e-17
1.033141913823291334e-17
9.636573502471796894e-18
8.988444833211544271e-18
8.384315347130947209e-18
7.821533819805476849e-18
7.297525758093983309e-18
6.806930324188325058e-18
6.350790430096017021e-18
5.926769883530717750e-18
5.530497988055198534e-18
5.160482983547856139e-18
4.813466918907688714e-18
4.491715618099111849e-18
4.191858223955441341e-18
3.911198774279982209e-18
3.649999440064113425e-18
3.405874186938062852e-18
3.177900713085752636e-18
2.966071382384955517e-18
2.767598580529102293e-18
2.581861564864039810e-18
2.409581887004659593e-18
2.247898135287559472e-18
2.097497843055910306e-18
1.957107629415908633e-18
1.827067616396897036e-18
1.703598519284824266e-18
1.587514395546768339e-18
1.482038708050642191e-18
1.382799041491183336e-18
1.289586959494841592e-18
1.202170498849045969e-18
1.120301950015580863e-18
1.045871063153143441e-18
9.741180349925885847e-19
9.089163442526966988e-19
8.462873977693672186e-19
7.893880589175060330e-19
7.348973302865762502e-19
6.853889833164260762e-19
6.380933758420448412e-19
5.941120826020816362e-19
5.532255425039491637e-19
5.152251733719888252e-19
4.799139960678365812e-19
4.464268188656170635e-19
4.153924338770414154e-19
3.866288947749964983e-19
3.599672867386917614e-19
3.347889013591605293e-19
3.110756078004514626e-19
2.895551048444004297e-19
2.689421039340779892e-19
2.499280141112490959e-19
2.323797976272217050e-19
2.159188466138182878e-19
2.005056840034626340e-19
1.863082132335180844e-19
1.728387174714938705e-19
1.604561319653917845e-19
1.489065175274710392e-19
1.381464000772265241e-19
1.282611878303232741e-19
1.189380621266388383e-19
1.102771522221418040e-19
1.021419274359973526e-19
9.469295420529487508e-20
8.770861059962176267e-20
8.130616328070304739e-20
7.522690047191441808e-20
6.959387721485175996e-20
6.437572424858623310e-20
5.949511404874446736e-20
5.498131265368164548e-20
5.072866275819792931e-20
4.680536273225831950e-20
4.315369694844901780e-20
3.975923297740198057e-20
3.660763172661447353e-20
3.368477427731351234e-20
3.095544625399225577e-20
2.845122767817004621e-20
2.610064100665341207e-20
2.394881062319379935e-20
2.194999126781727723e-20
2.009680147984009434e-20
1.838168740887804863e-20
1.679705679253643428e-20
1.534457969366865151e-20
1.399740696844276522e-20
1.275855024729617088e-20
1.162097192500731726e-20
1.057194322939386177e-20
9.606876272717765265e-21
8.725823717673912262e-21
7.918359109652194955e-21
7.180008300919921204e-21
6.506381928168481397e-21
5.893190166177264042e-21
5.333686240530101090e-21
4.827090582098171189e-21
4.367472100234953917e-21
3.951848347057905220e-21
3.577288683504354970e-21
3.240927509759091069e-21
2.939995545493495892e-21
2.670798578064194174e-21
2.431210229123615848e-21
2.219893689229852706e-21
2.033171191000261893e-21
1.870269405869110405e-21
1.718907442381115938e-21
1.578388125844138843e-21
1.452333427421694267e-21
1.331562146569293017e-21
1.223417739489614983e-21
1.123351411260753575e-21
1.030913780780309747e-21
9.456500047915499260e-22
8.692338551565627384e-22
7.967456757326993007e-22
7.301271992775179980e-22
6.704832133088668008e-22
6.142042637597833238e-22
5.626119511274798830e-22
5.153445738375498659e-22
4.720615325170783889e-22
4.324438752347588708e-22
3.961937146640384215e-22
3.623380031621304647e-22
3.320845524730394360e-22
3.038621827388204193e-22
2.776296280072452211e-22
2.537676286817019192e-22
2.320564249455823067e-22
2.122963575149671515e-22
1.939918301644054926e-22
1.770797745628593887e-22
1.617405810476715852e-22
1.475968916408756879e-22
1.347804002799963641e-22
1.229812744405246967e-22
1.121380313412951811e-22
1.021890144754759170e-22
9.319812773289416780e-23
8.484291907532318166e-23
7.730486129792385368e-23
7.040849408335997536e-23
6.410524123733728134e-23
5.827935842305757684e-23
5.303396863393218094e-23
4.819502906569480002e-23
4.379148273436786077e-23
3.974524449780953857e-23
3.611424131704486295e-23
3.274895283969143347e-23
2.973316664040039383e-23
2.694615592167132331e-23
2.442735135834584380e-23
2.212971543735027359e-23
2.005544954011289588e-23
1.814949205755919680e-23
1.643230651030285211e-23
1.485884089307211382e-23
1.343207503704646997e-23
1.213939544143854288e-23
1.096905131435239356e-23
9.902304691403129402e-24
8.938736474151510297e-24
8.062635278326191770e-24
7.267348714843791056e-24
6.551205712253580097e-24
5.898076866276166081e-24
5.311219953704493482e-24
4.777422885180762669e-24
4.298610915542486173e-24
3.861533705402820030e-24
3.470338695799236225e-24
3.116219672160412709e-24
2.796173683752176800e-24
2.507338260733175944e-24
2.247011369059765802e-24
2.012654467542395988e-24
1.801902052611402709e-24
1.611679443074520162e-24
1.441053421140169482e-24
1.287444075390704110e-24
1.149359384537322702e-24
1.025395935336301721e-24
9.142458108130662147e-25
8.143033224803397523e-25
7.249377806176937125e-25
6.448021652224740459e-25
5.730515108570142880e-25
5.088964961507705972e-25
4.522041594001225074e-25
4.010728721779942025e-25
3.551050418903284948e-25
3.138999867019095523e-25
2.781704888623647593e-25
2.451697912024519031e-25
2.166383660603644435e-25
1.911743849169967469e-25
1.684973501387305071e-25
1.483420370127860727e-25
1.304609729202060960e-25
1.150217761798327005e-25
1.009615778310248817e-25
8.854660305380142765e-26
7.759866525787069550e-26
6.795587319720565049e-26
5.947199381096920346e-26
5.185492174704216889e-26
4.532971006322909761e-26
3.948661230388457702e-26
3.438298757239502464e-26
2.992769319606516700e-26
2.596726255854619740e-26
2.252543853741908598e-26
1.953523723882007896e-26
1.689289784640305137e-26
1.456768830183730578e-26
1.256176223485537312e-26
1.083125677612071322e-26
9.315012466790250209e-27
7.991148630766864637e-27
6.855530222414312391e-27
5.867234845759757082e-27
5.009739706759898391e-27
4.267897154872166214e-27
3.627845187296369261e-27
3.083976879733765500e-27
2.610063083893685055e-27
2.204269597628959894e-27
1.861598829135549347e-27
1.565429991886468377e-27
1.313541453835594669e-27
1.097518215049000419e-27
9.152987419863012824e-28
7.619495916391825820e-28
6.318583252578729970e-28
5.230170992390226145e-28
4.312619583417662806e-28
3.549236476109660943e-28
2.903986054301310519e-28
2.371242542546721215e-28
1.928455257215727819e-28
1.561906341370180941e-28
1.259690524903153241e-28
1.009637666554002004e-28
8.070546640639170187e-29
6.408725747672652137e-29
5.054486410628318168e-29
3.965379052100047590e-29
3.093541027299713962e-29
2.390039119878133295e-29
1.834593115650721727e-29
1.395722847239254716e-29
1.051757865335417157e-29
7.843828441144263421e-30
5.773317719513158133e-30
4.196829755146443470e-30
3.009404519736184757e-30
2.120879421290421478e-30
1.466155080076201366e-30
9.917114506534383327e-31
6.543711010599628669e-31
4.196347114154261172e-31
2.602571945562117867e-31
1.547820769737068225e-31
8.772060877665245514e-32
4.674930488464274679e-32
2.302121517669735783e-32
1.024825322568640346e-32
3.965499529668497137e-33
1.250733614472542221e-33
2.893887237751642880e-34
3.664651683508325247e-35
2.589154288321180094e-36
0.000000000000000000e+00
