-8.726646259971647390e-02
-8.552113334772215580e-02
-8.377580409572782383e-02
-8.203047484373350573e-02
-8.028514559173918763e-02
-7.853981633974485566e-02
-7.679448708775053756e-02
-7.504915783575621946e-02
-7.330382858376188748e-02
-7.155849933176756938e-02
-6.981317007977323741e-02
-6.806784082777891931e-02
-6.632251157578460121e-02
-6.457718232379026924e-02
-6.283185307179595114e-02
-6.108652381980162610e-02
-5.934119456780730106e-02
-5.759586531581298297e-02
-5.585053606381865793e-02
-5.410520681182433289e-02
-5.235987755983000785e-02
-5.061454830783568976e-02
-4.886921905584136472e-02
-4.712388980384703968e-02
-4.537856055185271464e-02
-4.363323129985839655e-02
-4.188790204786407151e-02
-4.014257279586974647e-02
-3.839724354387542143e-02
-3.665191429188110334e-02
-3.490658503988677830e-02
-3.316125578789245326e-02
-3.141592653589812822e-02
-2.967059728390380666e-02
-2.792526803190948509e-02
-2.617993877991516005e-02
-2.443460952792083848e-02
-2.268928027592651345e-02
-2.094395102393219188e-02
-1.919862177193786684e-02
-1.745329251994354181e-02
-1.570796326794922024e-02
-1.396263401595489693e-02
-1.221730476396057363e-02
-1.047197551196625033e-02
-8.726646259971927028e-03
-6.981317007977603725e-03
-5.235987755983280423e-03
-3.490658503988956687e-03
-1.745329251994633384e-03
-3.100327553785450402e-16
1.745329251994013221e-03
3.490658503988336523e-03
5.235987755982660259e-03
6.981317007976983562e-03
8.726646259971305997e-03
1.047197551196562930e-02
1.221730476395995260e-02
1.396263401595427590e-02
1.570796326794859921e-02
1.745329251994292424e-02
1.919862177193724581e-02
2.094395102393157085e-02
2.268928027592589242e-02
2.443460952792021745e-02
2.617993877991453902e-02
2.792526803190886406e-02
2.967059728390318563e-02
3.141592653589751066e-02
3.316125578789183570e-02
3.490658503988615380e-02
3.665191429188047884e-02
3.839724354387480387e-02
4.014257279586912891e-02
4.188790204786344701e-02
4.363323129985777205e-02
4.537856055185209708e-02
4.712388980384642212e-02
4.886921905584074022e-02
5.061454830783506526e-02
5.235987755982939029e-02
5.410520681182371533e-02
5.585053606381804037e-02
5.759586531581235846e-02
5.934119456780668350e-02
6.108652381980100854e-02
6.283185307179532664e-02
6.457718232378965861e-02
6.632251157578397671e-02
6.806784082777829481e-02
6.981317007977262679e-02
7.155849933176694488e-02
7.330382858376127686e-02
7.504915783575559496e-02
7.679448708774991306e-02
7.853981633974424503e-02
8.028514559173856313e-02
8.203047484373288123e-02
8.377580409572721321e-02
8.552113334772153130e-02
8.726646259971586328e-02
