2.181661564992912083e+00
2.199114857512855181e+00
2.216568150032798723e+00
2.234021442552741821e+00
2.251474735072684918e+00
2.268928027592628460e+00
2.286381320112571558e+00
2.303834612632515100e+00
2.321287905152458197e+00
2.338741197672401739e+00
2.356194490192344837e+00
2.373647782712288379e+00
2.391101075232231477e+00
2.408554367752174574e+00
2.426007660272118116e+00
2.443460952792061214e+00
2.460914245312004756e+00
2.478367537831947853e+00
2.495820830351891395e+00
2.513274122871834493e+00
2.530727415391778035e+00
2.548180707911721132e+00
2.565634000431664230e+00
2.583087292951607772e+00
2.600540585471550870e+00
2.617993877991494411e+00
2.635447170511437509e+00
2.652900463031381051e+00
2.670353755551324149e+00
2.687807048071267690e+00
2.705260340591210788e+00
2.722713633111153886e+00
2.740166925631097428e+00
2.757620218151040525e+00
2.775073510670984067e+00
2.792526803190927165e+00
2.809980095710870707e+00
2.827433388230813804e+00
2.844886680750757346e+00
2.862339973270700444e+00
2.879793265790643542e+00
2.897246558310587083e+00
2.914699850830530181e+00
2.932153143350473723e+00
2.949606435870416821e+00
2.967059728390360362e+00
2.984513020910303460e+00
3.001966313430247002e+00
3.019419605950190100e+00
3.036872898470133197e+00
3.054326190990076739e+00
3.071779483510019837e+00
3.089232776029963379e+00
3.106686068549906476e+00
3.124139361069850018e+00
3.141592653589793116e+00
3.159045946109736658e+00
3.176499238629679756e+00
3.193952531149622853e+00
3.211405823669566395e+00
3.228859116189509493e+00
3.246312408709453035e+00
3.263765701229396132e+00
3.281218993749339674e+00
3.298672286269282772e+00
3.316125578789226314e+00
3.333578871309169411e+00
3.351032163829112953e+00
3.368485456349056051e+00
3.385938748868999149e+00
3.403392041388942690e+00
3.420845333908885788e+00
3.438298626428829330e+00
3.455751918948772428e+00
3.473205211468715969e+00
3.490658503988659067e+00
3.508111796508602609e+00
3.525565089028545707e+00
3.543018381548488804e+00
3.560471674068432346e+00
3.577924966588375444e+00
3.595378259108318986e+00
3.612831551628262083e+00
3.630284844148205625e+00
3.647738136668148723e+00
3.665191429188092265e+00
3.682644721708035362e+00
3.700098014227978460e+00
3.717551306747922002e+00
3.735004599267865100e+00
3.752457891787808641e+00
3.769911184307751739e+00
3.787364476827695281e+00
3.804817769347638379e+00
3.822271061867581921e+00
3.839724354387525018e+00
3.857177646907468116e+00
3.874630939427411658e+00
3.892084231947354755e+00
3.909537524467298297e+00
3.926990816987241395e+00
3.944444109507184937e+00
3.961897402027128035e+00
3.979350694547071576e+00
3.996803987067014674e+00
4.014257279586957772e+00
4.031710572106900869e+00
4.049163864626844855e+00
4.066617157146787953e+00
4.084070449666731051e+00
4.101523742186674149e+00
