2.617993877991494078e-01
2.792526803190927276e-01
2.967059728390360474e-01
3.141592653589793116e-01
3.316125578789226314e-01
3.490658503988658956e-01
3.665191429188092154e-01
3.839724354387524796e-01
4.014257279586957994e-01
4.188790204786391191e-01
4.363323129985823834e-01
4.537856055185257032e-01
4.712388980384689674e-01
4.886921905584122872e-01
5.061454830783556069e-01
5.235987755982988157e-01
5.410520681182421354e-01
5.585053606381854552e-01
5.759586531581287749e-01
5.934119456780720947e-01
6.108652381980153034e-01
6.283185307179586232e-01
6.457718232379019430e-01
6.632251157578452627e-01
6.806784082777884715e-01
6.981317007977317912e-01
7.155849933176751110e-01
7.330382858376184307e-01
7.504915783575617505e-01
7.679448708775049592e-01
7.853981633974482790e-01
8.028514559173915988e-01
8.203047484373349185e-01
8.377580409572782383e-01
8.552113334772214470e-01
8.726646259971647668e-01
8.901179185171080865e-01
9.075712110370514063e-01
9.250245035569946150e-01
9.424777960769379348e-01
9.599310885968812546e-01
9.773843811168245743e-01
9.948376736367678941e-01
1.012290966156711214e+00
1.029744258676654534e+00
1.047197551196597631e+00
1.064650843716540951e+00
1.082104136236484271e+00
1.099557428756427591e+00
1.117010721276370910e+00
1.134464013796314230e+00
1.151917306316257550e+00
1.169370598836200870e+00
1.186823891356144189e+00
1.204277183876087287e+00
1.221730476396030607e+00
1.239183768915973927e+00
1.256637061435917246e+00
1.274090353955860566e+00
1.291543646475803886e+00
1.308996938995747206e+00
1.326450231515690525e+00
1.343903524035633845e+00
1.361356816555576943e+00
1.378810109075520263e+00
1.396263401595463582e+00
1.413716694115406902e+00
1.431169986635350222e+00
1.448623279155293542e+00
1.466076571675236861e+00
1.483529864195180181e+00
1.500983156715123501e+00
1.518436449235066599e+00
1.535889741755009918e+00
1.553343034274953238e+00
1.570796326794896558e+00
1.588249619314839878e+00
1.605702911834783198e+00
1.623156204354726517e+00
1.640609496874669837e+00
1.658062789394613157e+00
1.675516081914556477e+00
1.692969374434499574e+00
1.710422666954442894e+00
1.727875959474386214e+00
1.745329251994329534e+00
1.762782544514272853e+00
1.780235837034216173e+00
1.797689129554159493e+00
1.815142422074102813e+00
1.832595714594046132e+00
1.850049007113989230e+00
1.867502299633932550e+00
1.884955592153875870e+00
1.902408884673819189e+00
1.919862177193762509e+00
1.937315469713705829e+00
1.954768762233649149e+00
1.972222054753592468e+00
1.989675347273535788e+00
2.007128639793478886e+00
2.024581932313422428e+00
2.042035224833365525e+00
2.059488517353309067e+00
2.076941809873252165e+00
2.094395102393195263e+00
2.111848394913138804e+00
2.129301687433081902e+00
2.146754979953025444e+00
2.164208272472968542e+00
2.181661564992912083e+00
